TempProteinSeq	NZ_LJJK01000002.1_104	100.000	486	0	0	1	486	1	486	0.0	1010	100
TempProteinSeq	WPML01000004.1_184	100.000	486	0	0	1	486	1	486	0.0	1010	100
TempProteinSeq	NZ_CP047522.1_3702	100.000	486	0	0	1	486	1	486	0.0	1010	100
TempProteinSeq	JACYAK010000009.1_48	100.000	486	0	0	1	486	1	486	0.0	1010	100
TempProteinSeq	NZ_CP101375.1_1576	100.000	486	0	0	1	486	1	486	0.0	1010	100
TempProteinSeq	NZ_WUPV01000001.1_443	100.000	486	0	0	1	486	1	486	0.0	1010	100
TempProteinSeq	AP023319.1_890	100.000	486	0	0	1	486	1	486	0.0	1010	100
TempProteinSeq	JAGETL010000002.1_532	100.000	486	0	0	1	486	1	486	0.0	1010	100
TempProteinSeq	NZ_QBGN01000002.1_208	100.000	486	0	0	1	486	1	486	0.0	1010	100
TempProteinSeq	OEWB01000058.1_6	100.000	486	0	0	1	486	1	486	0.0	1010	100
TempProteinSeq	JACXZX010000007.1_48	100.000	486	0	0	1	486	1	486	0.0	1010	100
TempProteinSeq	NZ_NNAW01000004.1_118	100.000	486	0	0	1	486	1	486	0.0	1010	100
TempProteinSeq	AP023300.1_890	100.000	486	0	0	1	486	1	486	0.0	1010	100
TempProteinSeq	NZ_JRYU01000002.1_168	100.000	486	0	0	1	486	1	486	0.0	1010	100
TempProteinSeq	JAGESG010000006.1_109	100.000	486	0	0	1	486	1	486	0.0	1010	100
TempProteinSeq	NZ_QBHK01000009.1_170	100.000	486	0	0	1	486	1	486	0.0	1010	100
TempProteinSeq	JAHIBH010000002.1_138	100.000	486	0	0	1	486	1	486	0.0	1010	100
TempProteinSeq	WPKP01000001.1_445	100.000	486	0	0	1	486	1	486	0.0	1010	100
TempProteinSeq	NZ_CP100715.1_891	100.000	486	0	0	1	486	1	486	0.0	1010	100
TempProteinSeq	NZ_VJWK01000002.1_456	100.000	486	0	0	1	486	1	486	0.0	1010	100
TempProteinSeq	JAGERL010000002.1_170	100.000	486	0	0	1	486	1	486	0.0	1010	100
TempProteinSeq	JAGETA010000002.1_169	100.000	486	0	0	1	486	1	486	0.0	1010	100
TempProteinSeq	JACYBC010000008.1_48	100.000	486	0	0	1	486	1	486	0.0	1010	100
TempProteinSeq	NZ_QBHA01000002.1_444	100.000	486	0	0	1	486	1	486	0.0	1010	100
TempProteinSeq	OEVV01000003.1_170	100.000	486	0	0	1	486	1	486	0.0	1010	100
TempProteinSeq	NZ_LVFJ01000003.1_144	100.000	486	0	0	1	486	1	486	0.0	1010	100
TempProteinSeq	NZ_WUQA01000009.1_34	100.000	486	0	0	1	486	1	486	0.0	1010	100
TempProteinSeq	WPKG01000001.1_533	100.000	486	0	0	1	486	1	486	0.0	1010	100
TempProteinSeq	JACYBL010000009.1_48	100.000	486	0	0	1	486	1	486	0.0	1010	100
TempProteinSeq	CP068018.1_3559	100.000	486	0	0	1	486	1	486	0.0	1010	100
TempProteinSeq	JAHIBG010000002.1_137	100.000	486	0	0	1	486	1	486	0.0	1010	100
TempProteinSeq	JACYAT010000008.1_48	100.000	486	0	0	1	486	1	486	0.0	1010	100
TempProteinSeq	JAILUM010000002.1_426	100.000	486	0	0	1	486	1	486	0.0	1010	100
TempProteinSeq	JALKEM010000002.1_486	100.000	486	0	0	1	486	1	486	0.0	1010	100
TempProteinSeq	JACRWK010000002.1_119	100.000	486	0	0	1	486	1	486	0.0	1010	100
TempProteinSeq	JAHQUA010000002.1_445	100.000	486	0	0	1	486	1	486	0.0	1010	100
TempProteinSeq	JAILUW010000001.1_339	100.000	486	0	0	1	486	1	486	0.0	1010	100
TempProteinSeq	NZ_MYIW01000003.1_7	100.000	486	0	0	1	486	1	486	0.0	1010	100
TempProteinSeq	WIDH01000013.1_118	100.000	486	0	0	1	486	1	486	0.0	1010	100
TempProteinSeq	NZ_MYHE01000001.1_170	100.000	486	0	0	1	486	1	486	0.0	1010	100
TempProteinSeq	JAGEQU010000001.1_533	100.000	486	0	0	1	486	1	486	0.0	1010	100
TempProteinSeq	CP091566.1_168	100.000	486	0	0	1	486	1	486	0.0	1010	100
TempProteinSeq	OETS01000002.1_169	100.000	486	0	0	1	486	1	486	0.0	1010	100
TempProteinSeq	NZ_LHNH01000014.1_7	100.000	486	0	0	1	486	1	486	0.0	1010	100
TempProteinSeq	JAILUI010000025.1_7	100.000	486	0	0	1	486	1	486	0.0	1010	100
TempProteinSeq	OEWV01000008.1_164	100.000	486	0	0	1	486	1	486	0.0	1010	100
TempProteinSeq	JALKDR010000002.1_446	100.000	486	0	0	1	486	1	486	0.0	1010	100
TempProteinSeq	CP085987.1_4021	100.000	486	0	0	1	486	1	486	0.0	1010	100
TempProteinSeq	NZ_NIDG01000156.1_37	100.000	486	0	0	1	486	1	486	0.0	1010	100
TempProteinSeq	CDJF01000030.1_169	100.000	486	0	0	1	486	1	486	0.0	1010	100
TempProteinSeq	OEYF01000003.1_277	100.000	486	0	0	1	486	1	486	0.0	1010	100
TempProteinSeq	JACRWW010000002.1_444	100.000	486	0	0	1	486	1	486	0.0	1010	100
TempProteinSeq	NZ_LKJI01000068.1_3	100.000	486	0	0	1	486	1	486	0.0	1010	100
TempProteinSeq	WPLW01000001.1_119	100.000	486	0	0	1	486	1	486	0.0	1010	100
TempProteinSeq	JRGR01000012.1_7	100.000	486	0	0	1	486	1	486	0.0	1010	100
TempProteinSeq	OEVS01000008.1_169	100.000	486	0	0	1	486	1	486	0.0	1010	100
TempProteinSeq	JAJGYZ010000002.1_168	100.000	486	0	0	1	486	1	486	0.0	1010	100
TempProteinSeq	AUQT01000023.1_279	100.000	486	0	0	1	486	1	486	0.0	1010	100
TempProteinSeq	JALKET010000002.1_486	100.000	486	0	0	1	486	1	486	0.0	1010	100
TempProteinSeq	AP023291.1_890	100.000	486	0	0	1	486	1	486	0.0	1010	100
TempProteinSeq	CDIR01000128.1_7	100.000	486	0	0	1	486	1	486	0.0	1010	100
TempProteinSeq	NZ_CP047527.1_3778	100.000	486	0	0	1	486	1	486	0.0	1010	100
TempProteinSeq	OEUO01000003.1_169	100.000	486	0	0	1	486	1	486	0.0	1010	100
TempProteinSeq	OEWR01000001.1_163	100.000	486	0	0	1	486	1	486	0.0	1010	100
TempProteinSeq	OETG01000002.1_444	100.000	486	0	0	1	486	1	486	0.0	1010	100
TempProteinSeq	JACRXC010000009.1_208	100.000	486	0	0	1	486	1	486	0.0	1010	100
TempProteinSeq	JALKEE010000002.1_169	100.000	486	0	0	1	486	1	486	0.0	1010	100
TempProteinSeq	JAHIBJ010000002.1_444	100.000	486	0	0	1	486	1	486	0.0	1010	100
TempProteinSeq	WPJU01000001.1_492	100.000	486	0	0	1	486	1	486	0.0	1010	100
TempProteinSeq	WPLJ01000001.1_446	100.000	486	0	0	1	486	1	486	0.0	1010	100
TempProteinSeq	OEUU01000002.1_532	100.000	486	0	0	1	486	1	486	0.0	1010	100
TempProteinSeq	OEXZ01000003.1_169	100.000	486	0	0	1	486	1	486	0.0	1010	100
TempProteinSeq	NZ_CP101388.1_930	100.000	486	0	0	1	486	1	486	0.0	1010	100
TempProteinSeq	NZ_QEAL01000007.1_168	100.000	486	0	0	1	486	1	486	0.0	1010	100
TempProteinSeq	JAILVB010000025.1_7	100.000	486	0	0	1	486	1	486	0.0	1010	100
TempProteinSeq	NZ_QBGD01000001.1_444	100.000	486	0	0	1	486	1	486	0.0	1010	100
TempProteinSeq	OEYP01000043.1_6	100.000	486	0	0	1	486	1	486	0.0	1010	100
TempProteinSeq	JACYAN010000008.1_48	100.000	486	0	0	1	486	1	486	0.0	1010	100
TempProteinSeq	CP090541.1_891	100.000	486	0	0	1	486	1	486	0.0	1010	100
TempProteinSeq	OEUB01000004.1_169	100.000	486	0	0	1	486	1	486	0.0	1010	100
TempProteinSeq	JAGEQZ010000002.1_532	100.000	486	0	0	1	486	1	486	0.0	1010	100
TempProteinSeq	JAILVT010000002.1_532	100.000	486	0	0	1	486	1	486	0.0	1010	100
TempProteinSeq	JAILUD010000002.1_387	100.000	486	0	0	1	486	1	486	0.0	1010	100
TempProteinSeq	OEXF01000013.1_6	100.000	486	0	0	1	486	1	486	0.0	1010	100
TempProteinSeq	NZ_SZWA01000002.1_486	100.000	486	0	0	1	486	1	486	0.0	1010	100
TempProteinSeq	JAHQTV010000002.1_443	100.000	486	0	0	1	486	1	486	0.0	1010	100
TempProteinSeq	NZ_MOWX01000002.1_432	100.000	486	0	0	1	486	1	486	0.0	1010	100
TempProteinSeq	NZ_LVGJ01000001.1_118	100.000	486	0	0	1	486	1	486	0.0	1010	100
TempProteinSeq	NZ_CP101386.1_1015	100.000	486	0	0	1	486	1	486	0.0	1010	100
TempProteinSeq	JACYAO010000008.1_48	100.000	486	0	0	1	486	1	486	0.0	1010	100
TempProteinSeq	OEYJ01000003.1_13	100.000	486	0	0	1	486	1	486	0.0	1010	100
TempProteinSeq	CAAGSV010000024.1_7	100.000	486	0	0	1	486	1	486	0.0	1010	100
TempProteinSeq	WPJR01000001.1_494	100.000	486	0	0	1	486	1	486	0.0	1010	100
TempProteinSeq	OEUQ01000020.1_75	100.000	486	0	0	1	486	1	486	0.0	1010	100
TempProteinSeq	AP023294.1_892	100.000	486	0	0	1	486	1	486	0.0	1010	100
TempProteinSeq	CDHZ01000063.1_3	100.000	486	0	0	1	486	1	486	0.0	1010	100
TempProteinSeq	NZ_QBGJ01000006.1_169	100.000	486	0	0	1	486	1	486	0.0	1010	100
TempProteinSeq	JAJGZA010000003.1_168	100.000	486	0	0	1	486	1	486	0.0	1010	100
TempProteinSeq	OEWA01000084.1_13	100.000	486	0	0	1	486	1	486	0.0	1010	100
TempProteinSeq	JAILVH010000002.1_427	100.000	486	0	0	1	486	1	486	0.0	1010	100
TempProteinSeq	JAGERK010000002.1_444	100.000	486	0	0	1	486	1	486	0.0	1010	100
TempProteinSeq	OEVB01000005.1_169	100.000	486	0	0	1	486	1	486	0.0	1010	100
TempProteinSeq	JALKDU010000002.1_169	100.000	486	0	0	1	486	1	486	0.0	1010	100
TempProteinSeq	NZ_RXNK01000005.1_119	100.000	486	0	0	1	486	1	486	0.0	1010	100
TempProteinSeq	NZ_QBGO01000001.1_445	100.000	486	0	0	1	486	1	486	0.0	1010	100
TempProteinSeq	JAGMTJ010000033.1_48	100.000	486	0	0	1	486	1	486	0.0	1010	100
TempProteinSeq	OEUD01000057.1_13	100.000	486	0	0	1	486	1	486	0.0	1010	100
TempProteinSeq	JACYAQ010000007.1_48	100.000	486	0	0	1	486	1	486	0.0	1010	100
TempProteinSeq	JACYBI010000002.1_343	100.000	486	0	0	1	486	1	486	0.0	1010	100
TempProteinSeq	OEVR01000005.1_168	100.000	486	0	0	1	486	1	486	0.0	1010	100
TempProteinSeq	JAILUY010000001.1_169	100.000	486	0	0	1	486	1	486	0.0	1010	100
TempProteinSeq	NZ_QBGH01000006.1_169	100.000	486	0	0	1	486	1	486	0.0	1010	100
TempProteinSeq	JAGETF010000002.1_444	100.000	486	0	0	1	486	1	486	0.0	1010	100
TempProteinSeq	OEYW01000001.1_444	100.000	486	0	0	1	486	1	486	0.0	1010	100
TempProteinSeq	WPLV01000001.1_445	100.000	486	0	0	1	486	1	486	0.0	1010	100
TempProteinSeq	JALKEQ010000002.1_170	100.000	486	0	0	1	486	1	486	0.0	1010	100
TempProteinSeq	NZ_PHIX01000009.1_119	100.000	486	0	0	1	486	1	486	0.0	1010	100
TempProteinSeq	CAKKLG010000001.1_168	100.000	486	0	0	1	486	1	486	0.0	1010	100
TempProteinSeq	NZ_PHIT01000010.1_169	100.000	486	0	0	1	486	1	486	0.0	1010	100
TempProteinSeq	CDJU01000092.1_13	100.000	486	0	0	1	486	1	486	0.0	1010	100
TempProteinSeq	JACRWL010000002.1_119	100.000	486	0	0	1	486	1	486	0.0	1010	100
TempProteinSeq	JALKEO010000002.1_446	100.000	486	0	0	1	486	1	486	0.0	1010	100
TempProteinSeq	CP091560.1_929	100.000	486	0	0	1	486	1	486	0.0	1010	100
TempProteinSeq	NZ_CP047531.1_927	100.000	486	0	0	1	486	1	486	0.0	1010	100
TempProteinSeq	JACRXB010000001.1_288	100.000	486	0	0	1	486	1	486	0.0	1010	100
TempProteinSeq	CDKP01000028.1_7	100.000	486	0	0	1	486	1	486	0.0	1010	100
TempProteinSeq	JALKEB010000002.1_445	100.000	486	0	0	1	486	1	486	0.0	1010	100
TempProteinSeq	OEUF01000002.1_446	100.000	486	0	0	1	486	1	486	0.0	1010	100
TempProteinSeq	OEXL01000003.1_196	100.000	486	0	0	1	486	1	486	0.0	1010	100
TempProteinSeq	JAILUC010000011.1_119	100.000	486	0	0	1	486	1	486	0.0	1010	100
TempProteinSeq	NZ_QBFW01000002.1_445	100.000	486	0	0	1	486	1	486	0.0	1010	100
TempProteinSeq	JALKEN010000002.1_444	100.000	486	0	0	1	486	1	486	0.0	1010	100
TempProteinSeq	JAILUT010000002.1_339	100.000	486	0	0	1	486	1	486	0.0	1010	100
TempProteinSeq	JADDIF010000002.1_169	100.000	486	0	0	1	486	1	486	0.0	1010	100
TempProteinSeq	CDIT01000053.1_13	100.000	486	0	0	1	486	1	486	0.0	1010	100
TempProteinSeq	JALKEL010000002.1_169	100.000	486	0	0	1	486	1	486	0.0	1010	100
TempProteinSeq	OEXU01000016.1_75	100.000	486	0	0	1	486	1	486	0.0	1010	100
TempProteinSeq	JAILVL010000002.1_169	100.000	486	0	0	1	486	1	486	0.0	1010	100
TempProteinSeq	CP090535.1_902	100.000	486	0	0	1	486	1	486	0.0	1010	100
TempProteinSeq	NZ_MVJI01000169.1_13	100.000	486	0	0	1	486	1	486	0.0	1010	100
TempProteinSeq	JABBKN010000001.1_444	100.000	486	0	0	1	486	1	486	0.0	1010	100
TempProteinSeq	JACXKT010000049.1_123	100.000	486	0	0	1	486	1	486	0.0	1010	100
TempProteinSeq	CDKF01000044.1_4	100.000	486	0	0	1	486	1	486	0.0	1010	100
TempProteinSeq	NZ_PHIS01000001.1_406	100.000	486	0	0	1	486	1	486	0.0	1010	100
TempProteinSeq	JAGESE010000002.1_169	100.000	486	0	0	1	486	1	486	0.0	1010	100
TempProteinSeq	CAAGSP010000025.1_168	100.000	486	0	0	1	486	1	486	0.0	1010	100
TempProteinSeq	JACYAH010000002.1_343	100.000	486	0	0	1	486	1	486	0.0	1010	100
TempProteinSeq	NZ_WUQB01000009.1_34	100.000	486	0	0	1	486	1	486	0.0	1010	100
TempProteinSeq	JAGERW010000001.1_170	100.000	486	0	0	1	486	1	486	0.0	1010	100
TempProteinSeq	JACXZY010000009.1_48	100.000	486	0	0	1	486	1	486	0.0	1010	100
TempProteinSeq	JACYBM010000008.1_47	100.000	486	0	0	1	486	1	486	0.0	1010	100
TempProteinSeq	NZ_QBGY01000002.1_444	100.000	486	0	0	1	486	1	486	0.0	1010	100
TempProteinSeq	NZ_LVFP01000001.1_19	100.000	486	0	0	1	486	1	486	0.0	1010	100
TempProteinSeq	JACYAC010000002.1_343	100.000	486	0	0	1	486	1	486	0.0	1010	100
TempProteinSeq	JACYAM010000002.1_300	100.000	486	0	0	1	486	1	486	0.0	1010	100
TempProteinSeq	NZ_CP101379.1_928	100.000	486	0	0	1	486	1	486	0.0	1010	100
TempProteinSeq	NZ_LUIY01000002.1_118	100.000	486	0	0	1	486	1	486	0.0	1010	100
TempProteinSeq	NZ_QBGK01000004.1_169	100.000	486	0	0	1	486	1	486	0.0	1010	100
TempProteinSeq	NZ_QBHF01000002.1_208	100.000	486	0	0	1	486	1	486	0.0	1010	100
TempProteinSeq	JAJGYW010000001.1_168	100.000	486	0	0	1	486	1	486	0.0	1010	100
TempProteinSeq	OEWI01000040.1_3	100.000	486	0	0	1	486	1	486	0.0	1010	100
TempProteinSeq	NZ_SCEE01000001.1_118	100.000	486	0	0	1	486	1	486	0.0	1010	100
TempProteinSeq	AP023299.1_890	100.000	486	0	0	1	486	1	486	0.0	1010	100
TempProteinSeq	JAGESV010000002.1_169	100.000	486	0	0	1	486	1	486	0.0	1010	100
TempProteinSeq	CP086118.1_929	100.000	486	0	0	1	486	1	486	0.0	1010	100
TempProteinSeq	AP023317.1_933	100.000	486	0	0	1	486	1	486	0.0	1010	100
TempProteinSeq	OEYR01000003.1_88	100.000	486	0	0	1	486	1	486	0.0	1010	100
TempProteinSeq	OEVH01000008.1_169	100.000	486	0	0	1	486	1	486	0.0	1010	100
TempProteinSeq	NZ_QBGU01000006.1_169	100.000	486	0	0	1	486	1	486	0.0	1010	100
TempProteinSeq	CAAGSX010000026.1_168	100.000	486	0	0	1	486	1	486	0.0	1010	100
TempProteinSeq	JACYBJ010000007.1_48	100.000	486	0	0	1	486	1	486	0.0	1010	100
TempProteinSeq	NZ_JYRM01000059.1_9	100.000	486	0	0	1	486	1	486	0.0	1010	100
TempProteinSeq	JACZIJ010000011.1_81	100.000	486	0	0	1	486	1	486	0.0	1010	100
TempProteinSeq	SQQN01000009.1_9	100.000	486	0	0	1	486	1	486	0.0	1010	100
TempProteinSeq	OEVT01000031.1_41	100.000	486	0	0	1	486	1	486	0.0	1010	100
TempProteinSeq	OEYS01000010.1_76	100.000	486	0	0	1	486	1	486	0.0	1010	100
TempProteinSeq	JACYAS010000008.1_48	100.000	486	0	0	1	486	1	486	0.0	1010	100
TempProteinSeq	JACYBA010000007.1_48	100.000	486	0	0	1	486	1	486	0.0	1010	100
TempProteinSeq	NZ_QBGZ01000005.1_88	100.000	486	0	0	1	486	1	486	0.0	1010	100
TempProteinSeq	OEUZ01000002.1_406	100.000	486	0	0	1	486	1	486	0.0	1010	100
TempProteinSeq	NZ_LHNW01000053.1_7	100.000	486	0	0	1	486	1	486	0.0	1010	100
TempProteinSeq	NZ_MYST01000002.1_405	100.000	486	0	0	1	486	1	486	0.0	1010	100
TempProteinSeq	OU015340.1_4095	100.000	486	0	0	1	486	1	486	0.0	1010	100
TempProteinSeq	NZ_CP100707.1_929	100.000	486	0	0	1	486	1	486	0.0	1010	100
TempProteinSeq	JAHQTX010000001.1_169	100.000	486	0	0	1	486	1	486	0.0	1010	100
TempProteinSeq	JAILUV010000002.1_339	100.000	486	0	0	1	486	1	486	0.0	1010	100
TempProteinSeq	JACXKU010000068.1_640	100.000	486	0	0	1	486	1	486	0.0	1010	100
TempProteinSeq	CDIF01000053.1_36	100.000	486	0	0	1	486	1	486	0.0	1010	100
TempProteinSeq	JAHQTO010000002.1_169	100.000	486	0	0	1	486	1	486	0.0	1010	100
TempProteinSeq	JALKDZ010000002.1_446	100.000	486	0	0	1	486	1	486	0.0	1010	100
TempProteinSeq	CDJK01000044.1_3	100.000	486	0	0	1	486	1	486	0.0	1010	100
TempProteinSeq	CDIX01000054.1_7	100.000	486	0	0	1	486	1	486	0.0	1010	100
TempProteinSeq	JALKEA010000002.1_446	100.000	486	0	0	1	486	1	486	0.0	1010	100
TempProteinSeq	JAHQUL010000002.1_208	100.000	486	0	0	1	486	1	486	0.0	1010	100
TempProteinSeq	CDLC01000063.1_7	100.000	486	0	0	1	486	1	486	0.0	1010	100
TempProteinSeq	NZ_MYIZ01000004.1_49	100.000	486	0	0	1	486	1	486	0.0	1010	100
TempProteinSeq	NZ_QBHB01000002.1_444	100.000	486	0	0	1	486	1	486	0.0	1010	100
TempProteinSeq	JALKEI010000002.1_169	100.000	486	0	0	1	486	1	486	0.0	1010	100
TempProteinSeq	JABBKS010000010.1_169	100.000	486	0	0	1	486	1	486	0.0	1010	100
TempProteinSeq	OEUJ01000062.1_13	100.000	486	0	0	1	486	1	486	0.0	1010	100
TempProteinSeq	JAILTZ010000002.1_339	100.000	486	0	0	1	486	1	486	0.0	1010	100
TempProteinSeq	NZ_QBFT01000002.1_445	100.000	486	0	0	1	486	1	486	0.0	1010	100
TempProteinSeq	OEXP01000008.1_165	100.000	486	0	0	1	486	1	486	0.0	1010	100
TempProteinSeq	CDHX01000039.1_36	100.000	486	0	0	1	486	1	486	0.0	1010	100
TempProteinSeq	JALKEF010000002.1_169	100.000	486	0	0	1	486	1	486	0.0	1010	100
TempProteinSeq	OEVC01000003.1_168	100.000	486	0	0	1	486	1	486	0.0	1010	100
TempProteinSeq	CDIG01000114.1_3	100.000	486	0	0	1	486	1	486	0.0	1010	100
TempProteinSeq	JACRWN010000002.1_119	100.000	486	0	0	1	486	1	486	0.0	1010	100
TempProteinSeq	NZ_CP047540.1_928	100.000	486	0	0	1	486	1	486	0.0	1010	100
TempProteinSeq	OETP01000006.1_6	100.000	486	0	0	1	486	1	486	0.0	1010	100
TempProteinSeq	CP091563.1_3562	100.000	486	0	0	1	486	1	486	0.0	1010	100
TempProteinSeq	OEWW01000007.1_13	100.000	486	0	0	1	486	1	486	0.0	1010	100
TempProteinSeq	JAGESH010000002.1_170	100.000	486	0	0	1	486	1	486	0.0	1010	100
TempProteinSeq	JAJGYQ010000001.1_443	100.000	486	0	0	1	486	1	486	0.0	1010	100
TempProteinSeq	JAILUJ010000011.1_49	100.000	486	0	0	1	486	1	486	0.0	1010	100
TempProteinSeq	NZ_MYII01000010.1_46	100.000	486	0	0	1	486	1	486	0.0	1010	100
TempProteinSeq	JALKDD010000001.1_170	100.000	486	0	0	1	486	1	486	0.0	1010	100
TempProteinSeq	CP075372.1_978	100.000	486	0	0	1	486	1	486	0.0	1010	100
TempProteinSeq	OEYN01000002.1_406	100.000	486	0	0	1	486	1	486	0.0	1010	100
TempProteinSeq	JAILVA010000002.1_76	100.000	486	0	0	1	486	1	486	0.0	1010	100
TempProteinSeq	CP094332.1_889	100.000	486	0	0	1	486	1	486	0.0	1010	100
TempProteinSeq	JAILUE010000010.1_48	100.000	486	0	0	1	486	1	486	0.0	1010	100
TempProteinSeq	NZ_QBFV01000002.1_444	100.000	486	0	0	1	486	1	486	0.0	1010	100
TempProteinSeq	OEXG01000003.1_169	100.000	486	0	0	1	486	1	486	0.0	1010	100
TempProteinSeq	JAILVS010000002.1_445	100.000	486	0	0	1	486	1	486	0.0	1010	100
TempProteinSeq	OEUE01000001.1_406	100.000	486	0	0	1	486	1	486	0.0	1010	100
TempProteinSeq	NZ_CP047553.1_3770	100.000	486	0	0	1	486	1	486	0.0	1010	100
TempProteinSeq	WPJJ01000011.1_118	100.000	486	0	0	1	486	1	486	0.0	1010	100
TempProteinSeq	CDJM01000099.1_7	100.000	486	0	0	1	486	1	486	0.0	1010	100
TempProteinSeq	CP090539.1_1017	100.000	486	0	0	1	486	1	486	0.0	1010	100
TempProteinSeq	OEXW01000010.1_6	100.000	486	0	0	1	486	1	486	0.0	1010	100
TempProteinSeq	OEUW01000005.1_110	100.000	486	0	0	1	486	1	486	0.0	1010	100
TempProteinSeq	NZ_CP047555.1_180	100.000	486	0	0	1	486	1	486	0.0	1010	100
TempProteinSeq	JAILVK010000022.1_7	100.000	486	0	0	1	486	1	486	0.0	1010	100
TempProteinSeq	WPJV01000001.1_493	100.000	486	0	0	1	486	1	486	0.0	1010	100
TempProteinSeq	NZ_MYJD01000026.1_8	100.000	486	0	0	1	486	1	486	0.0	1010	100
TempProteinSeq	CDKT01000090.1_3	100.000	486	0	0	1	486	1	486	0.0	1010	100
TempProteinSeq	NZ_PHIO01000007.1_168	100.000	486	0	0	1	486	1	486	0.0	1010	100
TempProteinSeq	NZ_LUIW01000001.1_118	100.000	486	0	0	1	486	1	486	0.0	1010	100
TempProteinSeq	NZ_CP101382.1_979	100.000	486	0	0	1	486	1	486	0.0	1010	100
TempProteinSeq	NZ_PHJB01000023.1_168	100.000	486	0	0	1	486	1	486	0.0	1010	100
TempProteinSeq	JACYAL010000002.1_343	100.000	486	0	0	1	486	1	486	0.0	1010	100
TempProteinSeq	JACYAD010000008.1_48	100.000	486	0	0	1	486	1	486	0.0	1010	100
TempProteinSeq	JALKEU010000002.1_19	100.000	486	0	0	1	486	1	486	0.0	1010	100
TempProteinSeq	AP023292.1_890	100.000	486	0	0	1	486	1	486	0.0	1010	100
TempProteinSeq	CDIQ01000025.1_7	100.000	486	0	0	1	486	1	486	0.0	1010	100
TempProteinSeq	NZ_QBFZ01000002.1_445	100.000	486	0	0	1	486	1	486	0.0	1010	100
TempProteinSeq	OEUN01000001.1_533	100.000	486	0	0	1	486	1	486	0.0	1010	100
TempProteinSeq	WPLZ01000001.1_119	100.000	486	0	0	1	486	1	486	0.0	1010	100
TempProteinSeq	WPKK01000001.1_446	100.000	486	0	0	1	486	1	486	0.0	1010	100
TempProteinSeq	NZ_QBGL01000002.1_445	100.000	486	0	0	1	486	1	486	0.0	1010	100
TempProteinSeq	NZ_QBHE01000007.1_169	100.000	486	0	0	1	486	1	486	0.0	1010	100
TempProteinSeq	OEVY01000041.1_40	100.000	486	0	0	1	486	1	486	0.0	1010	100
TempProteinSeq	JAJGZB010000003.1_186	100.000	486	0	0	1	486	1	486	0.0	1010	100
TempProteinSeq	NZ_NAAS01000079.1_237	100.000	486	0	0	1	486	1	486	0.0	1010	100
TempProteinSeq	JACRWV010000002.1_168	100.000	486	0	0	1	486	1	486	0.0	1010	100
TempProteinSeq	CDIK01000034.1_3	100.000	486	0	0	1	486	1	486	0.0	1010	100
TempProteinSeq	AUQU01000001.1_405	100.000	486	0	0	1	486	1	486	0.0	1010	100
TempProteinSeq	NZ_QBHM01000004.1_169	100.000	486	0	0	1	486	1	486	0.0	1010	100
TempProteinSeq	NZ_QBGS01000037.1_40	100.000	486	0	0	1	486	1	486	0.0	1010	100
TempProteinSeq	CP085699.1_933	100.000	486	0	0	1	486	1	486	0.0	1010	100
TempProteinSeq	NZ_RXNO01000010.1_119	100.000	486	0	0	1	486	1	486	0.0	1010	100
TempProteinSeq	OEWZ01000002.1_445	100.000	486	0	0	1	486	1	486	0.0	1010	100
TempProteinSeq	OETW01000001.1_274	100.000	486	0	0	1	486	1	486	0.0	1010	100
TempProteinSeq	CP091569.1_930	100.000	486	0	0	1	486	1	486	0.0	1010	100
TempProteinSeq	CDID01000055.1_13	100.000	486	0	0	1	486	1	486	0.0	1010	100
TempProteinSeq	OEYH01000005.1_13	100.000	486	0	0	1	486	1	486	0.0	1010	100
TempProteinSeq	NZ_QBGF01000002.1_444	100.000	486	0	0	1	486	1	486	0.0	1010	100
TempProteinSeq	AP023313.1_893	100.000	486	0	0	1	486	1	486	0.0	1010	100
TempProteinSeq	JALKED010000002.1_445	100.000	486	0	0	1	486	1	486	0.0	1010	100
TempProteinSeq	JACYAP010000008.1_48	100.000	486	0	0	1	486	1	486	0.0	1010	100
TempProteinSeq	JAKELY010000001.1_339	100.000	486	0	0	1	486	1	486	0.0	1010	100
TempProteinSeq	OEUG01000001.1_444	100.000	486	0	0	1	486	1	486	0.0	1010	100
TempProteinSeq	JAGEQY010000002.1_169	100.000	486	0	0	1	486	1	486	0.0	1010	100
TempProteinSeq	OEXK01000049.1_35	100.000	486	0	0	1	486	1	486	0.0	1010	100
TempProteinSeq	SQQM01000031.1_7	100.000	486	0	0	1	486	1	486	0.0	1010	100
TempProteinSeq	JAILUZ010000002.1_168	100.000	486	0	0	1	486	1	486	0.0	1010	100
TempProteinSeq	OEVN01000015.1_68	100.000	486	0	0	1	486	1	486	0.0	1010	100
TempProteinSeq	OEYT01000026.1_60	100.000	486	0	0	1	486	1	486	0.0	1010	100
TempProteinSeq	NZ_CP101390.1_1016	100.000	486	0	0	1	486	1	486	0.0	1010	100
TempProteinSeq	JACEEY010000005.1_7	100.000	486	0	0	1	486	1	486	0.0	1010	100
TempProteinSeq	WPKQ01000001.1_443	100.000	486	0	0	1	486	1	486	0.0	1010	100
TempProteinSeq	JAJGYY010000001.1_443	100.000	486	0	0	1	486	1	486	0.0	1010	100
TempProteinSeq	OETJ01000003.1_13	100.000	486	0	0	1	486	1	486	0.0	1010	100
TempProteinSeq	OEUR01000054.1_13	100.000	486	0	0	1	486	1	486	0.0	1010	100
TempProteinSeq	JAILVJ010000011.1_118	100.000	486	0	0	1	486	1	486	0.0	1010	100
TempProteinSeq	OEXX01000003.1_170	100.000	486	0	0	1	486	1	486	0.0	1010	100
TempProteinSeq	JACYAY010000007.1_48	100.000	486	0	0	1	486	1	486	0.0	1010	100
TempProteinSeq	JALNPH010000002.1_126	100.000	486	0	0	1	486	1	486	0.0	1010	100
TempProteinSeq	NZ_PHIN01000006.1_408	100.000	486	0	0	1	486	1	486	0.0	1010	100
TempProteinSeq	NZ_PHGW01000015.1_89	100.000	486	0	0	1	486	1	486	0.0	1010	100
TempProteinSeq	CP061122.1_928	100.000	486	0	0	1	486	1	486	0.0	1010	100
TempProteinSeq	WRZO01000001.1_118	100.000	486	0	0	1	486	1	486	0.0	1010	100
TempProteinSeq	CDHW01000009.1_169	100.000	486	0	0	1	486	1	486	0.0	1010	100
TempProteinSeq	JACXKV010000012.1_169	100.000	486	0	0	1	486	1	486	0.0	1010	100
TempProteinSeq	CDIO01000027.1_7	100.000	486	0	0	1	486	1	486	0.0	1010	100
TempProteinSeq	JAILUU010000002.1_445	100.000	486	0	0	1	486	1	486	0.0	1010	100
TempProteinSeq	JALKEC010000002.1_65	100.000	486	0	0	1	486	1	486	0.0	1010	100
TempProteinSeq	CDKH01000104.1_6	100.000	486	0	0	1	486	1	486	0.0	1010	100
TempProteinSeq	OETM01000004.1_169	100.000	486	0	0	1	486	1	486	0.0	1010	100
TempProteinSeq	CP091558.1_3618	100.000	486	0	0	1	486	1	486	0.0	1010	100
TempProteinSeq	JAJGYU010000001.1_443	100.000	486	0	0	1	486	1	486	0.0	1010	100
TempProteinSeq	OEWQ01000004.1_169	100.000	486	0	0	1	486	1	486	0.0	1010	100
TempProteinSeq	JACRWM010000002.1_119	100.000	486	0	0	1	486	1	486	0.0	1010	100
TempProteinSeq	NZ_MYSY01000100.1_8	100.000	486	0	0	1	486	1	486	0.0	1010	100
TempProteinSeq	JALKEG010000002.1_444	100.000	486	0	0	1	486	1	486	0.0	1010	100
TempProteinSeq	JALKDK010000002.1_169	100.000	486	0	0	1	486	1	486	0.0	1010	100
TempProteinSeq	NZ_LKJE01000021.1_88	100.000	486	0	0	1	486	1	486	0.0	1010	100
TempProteinSeq	NZ_NAAM01000028.1_8	100.000	486	0	0	1	486	1	486	0.0	1010	100
TempProteinSeq	JACRWP010000002.1_119	100.000	486	0	0	1	486	1	486	0.0	1010	100
TempProteinSeq	JAHQUE010000002.1_169	100.000	486	0	0	1	486	1	486	0.0	1010	100
TempProteinSeq	OEWH01000017.1_3	100.000	486	0	0	1	486	1	486	0.0	1010	100
TempProteinSeq	JACRWY010000002.1_8	100.000	486	0	0	1	486	1	486	0.0	1010	100
TempProteinSeq	OETI01000020.1_75	100.000	486	0	0	1	486	1	486	0.0	1010	100
TempProteinSeq	CDKM01000049.1_12	100.000	486	0	0	1	486	1	486	0.0	1010	100
TempProteinSeq	NZ_MYJB01000003.1_248	100.000	486	0	0	1	486	1	486	0.0	1010	100
TempProteinSeq	JACYBK010000009.1_48	100.000	486	0	0	1	486	1	486	0.0	1010	100
TempProteinSeq	CP098834.1_929	100.000	486	0	0	1	486	1	486	0.0	1010	100
TempProteinSeq	OU015337.1_929	100.000	486	0	0	1	486	1	486	0.0	1010	100
TempProteinSeq	CAAGSO010000025.1_7	100.000	486	0	0	1	486	1	486	0.0	1010	100
TempProteinSeq	UFRC01000002.1_910	100.000	486	0	0	1	486	1	486	0.0	1010	100
TempProteinSeq	JACYBB010000009.1_48	100.000	486	0	0	1	486	1	486	0.0	1010	100
TempProteinSeq	JACYAJ010000008.1_48	100.000	486	0	0	1	486	1	486	0.0	1010	100
TempProteinSeq	NZ_MYER01000003.1_118	100.000	486	0	0	1	486	1	486	0.0	1010	100
TempProteinSeq	JACXYJ010000002.1_169	100.000	486	0	0	1	486	1	486	0.0	1010	100
TempProteinSeq	NZ_CP101376.1_927	100.000	486	0	0	1	486	1	486	0.0	1010	100
TempProteinSeq	JACYAB010000009.1_48	100.000	486	0	0	1	486	1	486	0.0	1010	100
TempProteinSeq	AP023309.1_891	100.000	486	0	0	1	486	1	486	0.0	1010	100
TempProteinSeq	NZ_LKJD01000079.1_3	100.000	486	0	0	1	486	1	486	0.0	1010	100
TempProteinSeq	NZ_VFRK01000002.1_169	100.000	486	0	0	1	486	1	486	0.0	1010	100
TempProteinSeq	JAGESZ010000002.1_169	100.000	486	0	0	1	486	1	486	0.0	1010	100
TempProteinSeq	NZ_PQDM01000006.1_169	100.000	486	0	0	1	486	1	486	0.0	1010	100
TempProteinSeq	NZ_QBHL01000021.1_75	100.000	486	0	0	1	486	1	486	0.0	1010	100
TempProteinSeq	NZ_QBGP01000002.1_444	100.000	486	0	0	1	486	1	486	0.0	1010	100
TempProteinSeq	CP081189.2_929	100.000	486	0	0	1	486	1	486	0.0	1010	100
TempProteinSeq	NZ_LVFS01000006.1_119	100.000	486	0	0	1	486	1	486	0.0	1010	100
TempProteinSeq	WPMD01000002.1_169	100.000	486	0	0	1	486	1	486	0.0	1010	100
TempProteinSeq	NZ_QIBD01000002.1_169	100.000	486	0	0	1	486	1	486	0.0	1010	100
TempProteinSeq	JACYAE010000009.1_48	100.000	486	0	0	1	486	1	486	0.0	1010	100
TempProteinSeq	AP023290.1_929	100.000	486	0	0	1	486	1	486	0.0	1010	100
TempProteinSeq	WIDI01000011.1_118	100.000	486	0	0	1	486	1	486	0.0	1010	100
TempProteinSeq	JAGESQ010000002.1_405	100.000	486	0	0	1	486	1	486	0.0	1010	100
TempProteinSeq	NZ_QBGI01000004.1_169	100.000	486	0	0	1	486	1	486	0.0	1010	100
TempProteinSeq	JACYAW010000008.1_47	100.000	486	0	0	1	486	1	486	0.0	1010	100
TempProteinSeq	NZ_QBGV01000003.1_169	100.000	486	0	0	1	486	1	486	0.0	1010	100
TempProteinSeq	NZ_NNAX01000006.1_9	100.000	486	0	0	1	486	1	486	0.0	1010	100
TempProteinSeq	OEWC01000060.1_6	100.000	486	0	0	1	486	1	486	0.0	1010	100
TempProteinSeq	NZ_QBHG01000002.1_444	100.000	486	0	0	1	486	1	486	0.0	1010	100
TempProteinSeq	NZ_QDLK01000035.1_41	100.000	486	0	0	1	486	1	486	0.0	1010	100
TempProteinSeq	OU015342.1_929	100.000	486	0	0	1	486	1	486	0.0	1010	100
TempProteinSeq	NZ_LVFW01000001.1_118	100.000	486	0	0	1	486	1	486	0.0	1010	100
TempProteinSeq	OEVG01000001.1_177	100.000	486	0	0	1	486	1	486	0.0	1010	100
TempProteinSeq	JAGEQB010000002.1_170	100.000	486	0	0	1	486	1	486	0.0	1010	100
TempProteinSeq	NZ_WUPU01000002.1_445	100.000	486	0	0	1	486	1	486	0.0	1010	100
TempProteinSeq	JAHIBF010000002.1_445	100.000	486	0	0	1	486	1	486	0.0	1010	100
TempProteinSeq	JACYBF010000008.1_48	100.000	486	0	0	1	486	1	486	0.0	1010	100
TempProteinSeq	SOZN01000002.1_170	100.000	486	0	0	1	486	1	486	0.0	1010	100
TempProteinSeq	JAHQTZ010000186.1_3	100.000	486	0	0	1	486	1	486	0.0	1010	100
TempProteinSeq	NZ_WIGP01000003.1_169	100.000	486	0	0	1	486	1	486	0.0	1010	100
TempProteinSeq	JAHQUJ010000002.1_444	100.000	486	0	0	1	486	1	486	0.0	1010	100
TempProteinSeq	CDJA01000143.1_3	100.000	486	0	0	1	486	1	486	0.0	1010	100
TempProteinSeq	JAHQTU010000002.1_169	100.000	486	0	0	1	486	1	486	0.0	1010	100
TempProteinSeq	NZ_MYHF01000004.1_138	100.000	486	0	0	1	486	1	486	0.0	1010	100
TempProteinSeq	CDIH01000075.1_3	100.000	486	0	0	1	486	1	486	0.0	1010	100
TempProteinSeq	CDKS01000032.1_9	100.000	486	0	0	1	486	1	486	0.0	1010	100
TempProteinSeq	JAJGYT010000001.1_531	100.000	486	0	0	1	486	1	486	0.0	1010	100
TempProteinSeq	JAILVI010000002.1_169	100.000	486	0	0	1	486	1	486	0.0	1010	100
TempProteinSeq	OEUT01000057.1_6	100.000	486	0	0	1	486	1	486	0.0	1010	100
TempProteinSeq	NZ_QBGB01000001.1_445	100.000	486	0	0	1	486	1	486	0.0	1010	100
TempProteinSeq	WPLI01000001.1_446	100.000	486	0	0	1	486	1	486	0.0	1010	100
TempProteinSeq	NZ_NAAO01000043.1_48	100.000	486	0	0	1	486	1	486	0.0	1010	100
TempProteinSeq	JACRXA010000011.1_34	100.000	486	0	0	1	486	1	486	0.0	1010	100
TempProteinSeq	CP091554.1_3446	100.000	486	0	0	1	486	1	486	0.0	1010	100
TempProteinSeq	OEWP01000005.1_169	100.000	486	0	0	1	486	1	486	0.0	1010	100
TempProteinSeq	JALKDS010000002.1_170	100.000	486	0	0	1	486	1	486	0.0	1010	100
TempProteinSeq	JAJGYX010000001.1_168	100.000	486	0	0	1	486	1	486	0.0	1010	100
TempProteinSeq	OEUA01000003.1_88	100.000	486	0	0	1	486	1	486	0.0	1010	100
TempProteinSeq	NZ_CP047550.1_927	100.000	486	0	0	1	486	1	486	0.0	1010	100
TempProteinSeq	OEXE01000002.1_533	100.000	486	0	0	1	486	1	486	0.0	1010	100
TempProteinSeq	CDHT01000048.1_13	100.000	486	0	0	1	486	1	486	0.0	1010	100
TempProteinSeq	JAGMWH010000001.1_485	100.000	486	0	0	1	486	1	486	0.0	1010	100
TempProteinSeq	CDIN01000026.1_4	100.000	486	0	0	1	486	1	486	0.0	1010	100
TempProteinSeq	JACRWS010000002.1_406	100.000	486	0	0	1	486	1	486	0.0	1010	100
TempProteinSeq	JABBKW010000015.1_10	100.000	486	0	0	1	486	1	486	0.0	1010	100
TempProteinSeq	NZ_QBGC01000001.1_444	100.000	486	0	0	1	486	1	486	0.0	1010	100
TempProteinSeq	OEYQ01000002.1_532	100.000	486	0	0	1	486	1	486	0.0	1010	100
TempProteinSeq	OEVM01000012.1_82	100.000	486	0	0	1	486	1	486	0.0	1010	100
TempProteinSeq	OEXM01000008.1_3	100.000	486	0	0	1	486	1	486	0.0	1010	100
TempProteinSeq	NZ_QBFY01000002.1_444	100.000	486	0	0	1	486	1	486	0.0	1010	100
TempProteinSeq	OEUM01000002.1_339	100.000	486	0	0	1	486	1	486	0.0	1010	100
TempProteinSeq	JAILVP010000002.1_177	100.000	486	0	0	1	486	1	486	0.0	1010	100
TempProteinSeq	CDHY01000130.1_3	100.000	486	0	0	1	486	1	486	0.0	1010	100
TempProteinSeq	WPLH01000001.1_446	100.000	486	0	0	1	486	1	486	0.0	1010	100
TempProteinSeq	NZ_LHLF01000031.1_7	100.000	486	0	0	1	486	1	486	0.0	1010	100
TempProteinSeq	NZ_MTKV01000003.1_82	100.000	486	0	0	1	486	1	486	0.0	1010	100
TempProteinSeq	CDIL01000040.1_4	100.000	486	0	0	1	486	1	486	0.0	1010	100
TempProteinSeq	JRGT01000020.1_7	100.000	486	0	0	1	486	1	486	0.0	1010	100
TempProteinSeq	NZ_QBHC01000001.1_169	100.000	486	0	0	1	486	1	486	0.0	1010	100
TempProteinSeq	CP089209.1_929	100.000	486	0	0	1	486	1	486	0.0	1010	100
TempProteinSeq	OETY01000009.1_46	100.000	486	0	0	1	486	1	486	0.0	1010	100
TempProteinSeq	JALKDC010000002.1_170	100.000	486	0	0	1	486	1	486	0.0	1010	100
TempProteinSeq	CP090545.1_1016	100.000	486	0	0	1	486	1	486	0.0	1010	100
TempProteinSeq	NZ_NAAR01000087.1_8	100.000	486	0	0	1	486	1	486	0.0	1010	100
TempProteinSeq	CDIC01000061.1_7	100.000	486	0	0	1	486	1	486	0.0	1010	100
TempProteinSeq	JACRWO010000002.1_119	100.000	486	0	0	1	486	1	486	0.0	1010	100
TempProteinSeq	CWLZ01000023.1_36	100.000	486	0	0	1	486	1	486	0.0	1010	100
TempProteinSeq	CDKY01000014.1_3	100.000	486	0	0	1	486	1	486	0.0	1010	100
TempProteinSeq	OEYG01000045.1_6	100.000	486	0	0	1	486	1	486	0.0	1010	100
TempProteinSeq	NZ_PHIY01000001.1_169	100.000	486	0	0	1	486	1	486	0.0	1010	100
TempProteinSeq	NZ_PHJD01000022.1_118	100.000	486	0	0	1	486	1	486	0.0	1010	100
TempProteinSeq	NZ_WUPY01000022.1_10	100.000	486	0	0	1	486	1	486	0.0	1010	100
TempProteinSeq	NZ_PHIP01000033.1_5	100.000	486	0	0	1	486	1	486	0.0	1010	100
TempProteinSeq	NZ_MYIH01000027.1_7	100.000	486	0	0	1	486	1	486	0.0	1010	100
TempProteinSeq	NZ_QBHI01000001.1_445	100.000	486	0	0	1	486	1	486	0.0	1010	100
TempProteinSeq	NZ_QBGQ01000002.1_443	100.000	486	0	0	1	486	1	486	0.0	1010	100
TempProteinSeq	NZ_QIBF01000002.1_444	100.000	486	0	0	1	486	1	486	0.0	1010	100
TempProteinSeq	NZ_LHOM01000052.1_9	100.000	486	0	0	1	486	1	486	0.0	1010	100
TempProteinSeq	WPLK01000001.1_494	100.000	486	0	0	1	486	1	486	0.0	1010	100
TempProteinSeq	OEYB01000002.1_444	100.000	486	0	0	1	486	1	486	0.0	1010	100
TempProteinSeq	OEVA01000074.1_6	100.000	486	0	0	1	486	1	486	0.0	1010	100
TempProteinSeq	JACYAZ010000006.1_48	100.000	486	0	0	1	486	1	486	0.0	1010	100
TempProteinSeq	AP023304.1_932	100.000	486	0	0	1	486	1	486	0.0	1010	100
TempProteinSeq	NZ_QBGG01000002.1_444	100.000	486	0	0	1	486	1	486	0.0	1010	100
TempProteinSeq	OEYV01000001.1_306	100.000	486	0	0	1	486	1	486	0.0	1010	100
TempProteinSeq	OEVP01000013.1_68	100.000	486	0	0	1	486	1	486	0.0	1010	100
TempProteinSeq	NZ_RXNP01000001.1_6	100.000	486	0	0	1	486	1	486	0.0	1010	100
TempProteinSeq	CP081187.1_928	100.000	486	0	0	1	486	1	486	0.0	1010	100
TempProteinSeq	JABBKP010000002.1_234	100.000	486	0	0	1	486	1	486	0.0	1010	100
TempProteinSeq	NZ_QBFU01000007.1_169	100.000	486	0	0	1	486	1	486	0.0	1010	100
TempProteinSeq	OEXJ01000009.1_7	100.000	486	0	0	1	486	1	486	0.0	1010	100
TempProteinSeq	OEUH01000072.1_6	100.000	486	0	0	1	486	1	486	0.0	1010	100
TempProteinSeq	NZ_JYTD01000064.1_9	100.000	486	0	0	1	486	1	486	0.0	1010	100
TempProteinSeq	AP023288.1_950	100.000	486	0	0	1	486	1	486	0.0	1010	100
TempProteinSeq	NZ_MYIP01000009.1_118	100.000	486	0	0	1	486	1	486	0.0	1010	100
TempProteinSeq	NZ_MYIS01000002.1_168	100.000	486	0	0	1	486	1	486	0.0	1010	100
TempProteinSeq	CDKZ01000005.1_40	100.000	486	0	0	1	486	1	486	0.0	1010	100
TempProteinSeq	OEVZ01000004.1_76	100.000	486	0	0	1	486	1	486	0.0	1010	100
TempProteinSeq	NZ_QBHD01000002.1_444	100.000	486	0	0	1	486	1	486	0.0	1010	100
TempProteinSeq	NZ_CP047548.1_3763	100.000	486	0	0	1	486	1	486	0.0	1010	100
TempProteinSeq	NZ_QBFX01000012.1_90	100.000	486	0	0	1	486	1	486	0.0	1010	100
TempProteinSeq	OEXS01000002.1_406	100.000	486	0	0	1	486	1	486	0.0	1010	100
TempProteinSeq	JACYAU010000008.1_48	100.000	486	0	0	1	486	1	486	0.0	1010	100
TempProteinSeq	CDIZ01000102.1_11	100.000	486	0	0	1	486	1	486	0.0	1010	100
TempProteinSeq	JAGERN010000002.1_169	100.000	486	0	0	1	486	1	486	0.0	1010	100
TempProteinSeq	NZ_MYRU01000039.1_29	100.000	486	0	0	1	486	1	486	0.0	1010	100
TempProteinSeq	OEVI01000010.1_170	100.000	486	0	0	1	486	1	486	0.0	1010	100
TempProteinSeq	OEYL01000067.1_13	100.000	486	0	0	1	486	1	486	0.0	1010	100
TempProteinSeq	NZ_QBGE01000009.1_169	100.000	486	0	0	1	486	1	486	0.0	1010	100
TempProteinSeq	NZ_JYSG01000055.1_9	100.000	486	0	0	1	486	1	486	0.0	1010	100
TempProteinSeq	JACYBE010000002.1_343	100.000	486	0	0	1	486	1	486	0.0	1010	100
TempProteinSeq	NZ_CP047542.1_3773	100.000	486	0	0	1	486	1	486	0.0	1010	100
TempProteinSeq	OETX01000005.1_169	100.000	486	0	0	1	486	1	486	0.0	1010	100
TempProteinSeq	CP090533.1_3558	100.000	486	0	0	1	486	1	486	0.0	1010	100
TempProteinSeq	JADKNL010000010.1_48	100.000	486	0	0	1	486	1	486	0.0	1010	100
TempProteinSeq	NZ_LIDY01000001.1_119	100.000	486	0	0	1	486	1	486	0.0	1010	100
TempProteinSeq	CDIU01000090.1_3	100.000	486	0	0	1	486	1	486	0.0	1010	100
TempProteinSeq	JAHQUC010000002.1_169	100.000	486	0	0	1	486	1	486	0.0	1010	100
TempProteinSeq	NZ_PHJC01000017.1_48	100.000	486	0	0	1	486	1	486	0.0	1010	100
TempProteinSeq	JAHQUK010000002.1_445	100.000	486	0	0	1	486	1	486	0.0	1010	100
TempProteinSeq	OU943321.1_444	100.000	486	0	0	1	486	1	486	0.0	1010	100
TempProteinSeq	CAAGSQ010000025.1_168	100.000	486	0	0	1	486	1	486	0.0	1010	100
TempProteinSeq	CDKQ01000042.1_40	100.000	486	0	0	1	486	1	486	0.0	1010	100
TempProteinSeq	CP091547.1_3562	100.000	486	0	0	1	486	1	486	0.0	1010	100
TempProteinSeq	OEWJ01000009.1_13	100.000	486	0	0	1	486	1	486	0.0	1010	100
TempProteinSeq	NZ_MYHY01000004.1_119	100.000	486	0	0	1	486	1	486	0.0	1010	100
TempProteinSeq	JALKDY010000001.1_169	100.000	486	0	0	1	486	1	486	0.0	1010	100
TempProteinSeq	CDIV01000160.1_3	100.000	486	0	0	1	486	1	486	0.0	1010	100
TempProteinSeq	NZ_NAAL01000038.1_110	100.000	486	0	0	1	486	1	486	0.0	1010	100
TempProteinSeq	CP065567.1_930	100.000	486	0	0	1	486	1	486	0.0	1010	100
TempProteinSeq	OETZ01000007.1_170	100.000	486	0	0	1	486	1	486	0.0	1010	100
TempProteinSeq	CP091571.1_929	100.000	486	0	0	1	486	1	486	0.0	1010	100
TempProteinSeq	OEXA01000004.1_123	100.000	486	0	0	1	486	1	486	0.0	1010	100
TempProteinSeq	CDKV01000015.1_88	100.000	486	0	0	1	486	1	486	0.0	1010	100
TempProteinSeq	CDIS01000077.1_4	100.000	486	0	0	1	486	1	486	0.0	1010	100
TempProteinSeq	JABBJZ010000002.1_169	100.000	486	0	0	1	486	1	486	0.0	1010	100
TempProteinSeq	JABBJM010000159.1_34	100.000	486	0	0	1	486	1	486	0.0	1010	100
TempProteinSeq	JAILVQ010000002.1_124	100.000	486	0	0	1	486	1	486	0.0	1010	100
TempProteinSeq	CDJO01000010.1_163	100.000	486	0	0	1	486	1	486	0.0	1010	100
TempProteinSeq	NZ_MYIX01000001.1_275	100.000	486	0	0	1	486	1	486	0.0	1010	100
TempProteinSeq	WSQF01000002.1_161	100.000	486	0	0	1	486	1	486	0.0	1010	100
TempProteinSeq	CDJR01000021.1_128	100.000	486	0	0	1	486	1	486	0.0	1010	100
TempProteinSeq	JALKDQ010000001.1_169	100.000	486	0	0	1	486	1	486	0.0	1010	100
TempProteinSeq	OETQ01000047.1_6	100.000	486	0	0	1	486	1	486	0.0	1010	100
TempProteinSeq	NZ_CP047529.1_3746	100.000	486	0	0	1	486	1	486	0.0	1010	100
TempProteinSeq	CDKR01000081.1_7	100.000	486	0	0	1	486	1	486	0.0	1010	100
TempProteinSeq	NZ_QBGX01000002.1_445	100.000	486	0	0	1	486	1	486	0.0	1010	100
TempProteinSeq	JACXYA010000022.1_39	100.000	486	0	0	1	486	1	486	0.0	1010	100
TempProteinSeq	NZ_JYSO01000044.1_7	100.000	486	0	0	1	486	1	486	0.0	1010	100
TempProteinSeq	JACYBG010000009.1_48	100.000	486	0	0	1	486	1	486	0.0	1010	100
TempProteinSeq	WPMK01000003.1_183	100.000	486	0	0	1	486	1	486	0.0	1010	100
TempProteinSeq	NZ_LUIQ01000001.1_118	100.000	486	0	0	1	486	1	486	0.0	1010	100
TempProteinSeq	CP061124.1_979	100.000	486	0	0	1	486	1	486	0.0	1010	100
TempProteinSeq	JACYBN010000002.1_343	100.000	486	0	0	1	486	1	486	0.0	1010	100
TempProteinSeq	JACYAA010000008.1_48	100.000	486	0	0	1	486	1	486	0.0	1010	100
TempProteinSeq	NZ_LVFT01000009.1_144	100.000	486	0	0	1	486	1	486	0.0	1010	100
TempProteinSeq	NZ_CP047525.1_931	100.000	486	0	0	1	486	1	486	0.0	1010	100
TempProteinSeq	OU015328.1_938	100.000	486	0	0	1	486	1	486	0.0	1010	100
TempProteinSeq	JACYAG010000009.1_48	100.000	486	0	0	1	486	1	486	0.0	1010	100
TempProteinSeq	JAHIBI010000002.1_137	100.000	486	0	0	1	486	1	486	0.0	1010	100
TempProteinSeq	AP023289.1_1017	100.000	486	0	0	1	486	1	486	0.0	1010	100
