Hmm	ORF	tlen	qlen	Eval	score	start	end	Acc	Pos	Cov_seq	Cov_hmm	strand
2OG_1_CAS-I-II-III-IV-V-VI	NZ_CP085987.1_4765	217	94	0.048	12.5	5040122	5040772	NZ_CP085987.1	4765	0.35023041474654376	0.8617021276595744	1
AbiEii_0_CAS-III	NZ_CP085987.1_1010	645	284	0.045	11.4	1027758	1029692	NZ_CP085987.1	1010	0.04961240310077519	0.1056338028169014	1
AbiEii_0_CAS-III	NZ_CP085987.1_1064	379	284	1.8e-05	22.6	1078355	1079491	NZ_CP085987.1	1064	0.24802110817941952	0.34507042253521125	1
AbiEii_0_CAS-III	NZ_CP085987.1_1072	234	284	0.024	12.3	1086949	1087650	NZ_CP085987.1	1072	0.2692307692307692	0.22183098591549297	-1
AbiEii_0_CAS-III	NZ_CP085987.1_1223	636	284	4.3e-10	37.7	1237428	1239335	NZ_CP085987.1	1223	0.21855345911949686	0.38028169014084506	-1
AbiEii_0_CAS-III	NZ_CP085987.1_1319	448	284	0.00092	16.9	1339901	1341244	NZ_CP085987.1	1319	0.12276785714285714	0.1795774647887324	-1
AbiEii_0_CAS-III	NZ_CP085987.1_1351	243	284	1.6e-08	32.6	1378940	1379668	NZ_CP085987.1	1351	0.4691358024691358	0.4014084507042254	1
AbiEii_0_CAS-III	NZ_CP085987.1_1396	624	284	1.1e-05	23.3	1420739	1422610	NZ_CP085987.1	1396	0.4567307692307692	0.5880281690140845	-1
AbiEii_0_CAS-III	NZ_CP085987.1_1406	531	284	1.6e-07	29.3	1434083	1435675	NZ_CP085987.1	1406	0.2806026365348399	0.4014084507042254	-1
AbiEii_0_CAS-III	NZ_CP085987.1_1417	241	284	3.8e-08	31.4	1445247	1445969	NZ_CP085987.1	1417	0.7468879668049793	0.5352112676056338	1
AbiEii_0_CAS-III	NZ_CP085987.1_1427	579	284	5.2e-07	27.6	1457017	1458753	NZ_CP085987.1	1427	0.153713298791019	0.23591549295774647	1
AbiEii_0_CAS-III	NZ_CP085987.1_1463	353	284	0.0065	14.2	1493226	1494284	NZ_CP085987.1	1463	0.16997167138810199	0.2112676056338028	-1
AbiEii_0_CAS-III	NZ_CP085987.1_1468	492	284	2.9e-09	35.0	1497050	1498525	NZ_CP085987.1	1468	0.23577235772357724	0.2535211267605634	1
AbiEii_0_CAS-III	NZ_CP085987.1_1475	259	284	2.4e-07	28.7	1505152	1505928	NZ_CP085987.1	1475	0.29343629343629346	0.2676056338028169	-1
AbiEii_0_CAS-III	NZ_CP085987.1_1521	237	284	0.00015	19.6	1553224	1553934	NZ_CP085987.1	1521	0.16033755274261605	0.13380281690140844	-1
AbiEii_0_CAS-III	NZ_CP085987.1_1574	242	284	2.7e-07	28.5	1614709	1615434	NZ_CP085987.1	1574	0.512396694214876	0.426056338028169	1
AbiEii_0_CAS-III	NZ_CP085987.1_1646	265	284	3.1e-05	21.8	1690465	1691259	NZ_CP085987.1	1646	0.32452830188679244	0.2992957746478873	1
AbiEii_0_CAS-III	NZ_CP085987.1_1721	339	284	2.8e-05	22.0	1769005	1770021	NZ_CP085987.1	1721	0.30973451327433627	0.352112676056338	-1
AbiEii_0_CAS-III	NZ_CP085987.1_1727	229	284	0.015	12.9	1774874	1775560	NZ_CP085987.1	1727	0.2576419213973799	0.20422535211267606	-1
AbiEii_0_CAS-III	NZ_CP085987.1_1786	424	284	0.0019	15.9	1837356	1838627	NZ_CP085987.1	1786	0.08962264150943396	0.12323943661971831	-1
AbiEii_0_CAS-III	NZ_CP085987.1_1807	370	284	0.00031	18.5	1860580	1861689	NZ_CP085987.1	1807	0.17027027027027028	0.2147887323943662	1
AbiEii_0_CAS-III	NZ_CP085987.1_1840	1047	284	0.015	13.0	1893331	1896471	NZ_CP085987.1	1840	0.1356255969436485	0.426056338028169	1
AbiEii_0_CAS-III	NZ_CP085987.1_1847	182	284	0.028	12.1	1901322	1901867	NZ_CP085987.1	1847	0.45604395604395603	0.2992957746478873	-1
AbiEii_0_CAS-III	NZ_CP085987.1_2041	344	284	0.00011	20.0	2094119	2095150	NZ_CP085987.1	2041	0.29651162790697677	0.34507042253521125	1
AbiEii_0_CAS-III	NZ_CP085987.1_2117	309	284	6.7e-09	33.8	2179060	2179986	NZ_CP085987.1	2117	0.37540453074433655	0.39436619718309857	-1
AbiEii_0_CAS-III	NZ_CP085987.1_2183	236	284	0.00064	17.5	2258051	2258758	NZ_CP085987.1	2183	0.4279661016949153	0.3345070422535211	1
AbiEii_0_CAS-III	NZ_CP085987.1_230	272	284	0.013	13.2	248617	249432	NZ_CP085987.1	230	0.34191176470588236	0.31338028169014087	1
AbiEii_0_CAS-III	NZ_CP085987.1_2305	556	284	2.3e-07	28.8	2400755	2402422	NZ_CP085987.1	2305	0.2068345323741007	0.3415492957746479	1
AbiEii_0_CAS-III	NZ_CP085987.1_2391	364	284	3.7e-06	24.8	2496319	2497410	NZ_CP085987.1	2391	0.25824175824175827	0.2992957746478873	1
AbiEii_0_CAS-III	NZ_CP085987.1_2734	370	284	3.3e-05	21.7	2868335	2869444	NZ_CP085987.1	2734	0.3918918918918919	0.4894366197183099	-1
AbiEii_0_CAS-III	NZ_CP085987.1_3078	258	284	0.0038	14.9	3258424	3259197	NZ_CP085987.1	3078	0.43410852713178294	0.3767605633802817	1
AbiEii_0_CAS-III	NZ_CP085987.1_3096	358	284	0.0013	16.5	3277566	3278639	NZ_CP085987.1	3096	0.12011173184357542	0.14788732394366197	1
AbiEii_0_CAS-III	NZ_CP085987.1_31	530	284	0.0051	14.5	28885	30474	NZ_CP085987.1	31	0.39433962264150946	0.46830985915492956	-1
AbiEii_0_CAS-III	NZ_CP085987.1_3114	209	284	0.0081	13.9	3301339	3301965	NZ_CP085987.1	3114	0.3827751196172249	0.2676056338028169	1
AbiEii_0_CAS-III	NZ_CP085987.1_3182	397	284	2.2e-08	32.1	3368738	3369928	NZ_CP085987.1	3182	0.34005037783375314	0.4014084507042254	-1
AbiEii_0_CAS-III	NZ_CP085987.1_3331	328	284	0.0086	13.8	3526769	3527752	NZ_CP085987.1	3331	0.2774390243902439	0.29225352112676056	1
AbiEii_0_CAS-III	NZ_CP085987.1_3373	914	284	0.01	13.5	3583396	3586137	NZ_CP085987.1	3373	0.20787746170678337	0.35563380281690143	1
AbiEii_0_CAS-III	NZ_CP085987.1_3397	256	284	2.7e-07	28.6	3608959	3609726	NZ_CP085987.1	3397	0.45703125	0.39436619718309857	1
AbiEii_0_CAS-III	NZ_CP085987.1_3398	238	284	0.0068	14.1	3609728	3610441	NZ_CP085987.1	3398	0.4831932773109244	0.3908450704225352	1
AbiEii_0_CAS-III	NZ_CP085987.1_3404	357	284	7.1e-05	20.6	3614529	3615599	NZ_CP085987.1	3404	0.2857142857142857	0.3767605633802817	1
AbiEii_0_CAS-III	NZ_CP085987.1_3436	528	284	0.032	11.9	3652644	3654227	NZ_CP085987.1	3436	0.06439393939393939	0.11619718309859155	-1
AbiEii_0_CAS-III	NZ_CP085987.1_349	251	284	5.2e-09	34.2	349363	350115	NZ_CP085987.1	349	0.4581673306772908	0.38380281690140844	1
AbiEii_0_CAS-III	NZ_CP085987.1_3500	636	284	7.4e-08	30.4	3727389	3729296	NZ_CP085987.1	3500	0.4716981132075472	0.6549295774647887	-1
AbiEii_0_CAS-III	NZ_CP085987.1_3636	242	284	0.00025	18.8	3854731	3855456	NZ_CP085987.1	3636	0.5247933884297521	0.45422535211267606	-1
AbiEii_0_CAS-III	NZ_CP085987.1_3642	271	284	0.061	11.0	3859335	3860147	NZ_CP085987.1	3642	0.18081180811808117	0.16901408450704225	1
AbiEii_0_CAS-III	NZ_CP085987.1_3890	401	284	0.00044	18.0	4095968	4097170	NZ_CP085987.1	3890	0.3740648379052369	0.5176056338028169	1
AbiEii_0_CAS-III	NZ_CP085987.1_3939	274	284	6.3e-05	20.8	4147302	4148123	NZ_CP085987.1	3939	0.3795620437956204	0.38380281690140844	1
AbiEii_0_CAS-III	NZ_CP085987.1_400	337	284	0.045	11.4	400663	401673	NZ_CP085987.1	400	0.06528189910979229	0.07746478873239436	1
AbiEii_0_CAS-III	NZ_CP085987.1_402	252	284	1e-05	23.4	402534	403289	NZ_CP085987.1	402	0.3888888888888889	0.31690140845070425	-1
AbiEii_0_CAS-III	NZ_CP085987.1_4153	219	284	2.4e-05	22.2	4374871	4375527	NZ_CP085987.1	4153	0.45662100456621	0.3873239436619718	1
AbiEii_0_CAS-III	NZ_CP085987.1_4284	428	284	1.1e-07	29.8	4510828	4512111	NZ_CP085987.1	4284	0.28738317757009346	0.3908450704225352	-1
AbiEii_0_CAS-III	NZ_CP085987.1_4293	727	284	0.0066	14.2	4521704	4523884	NZ_CP085987.1	4293	0.09491059147180192	0.23943661971830985	-1
AbiEii_0_CAS-III	NZ_CP085987.1_4592	366	284	0.00041	18.1	4848815	4849912	NZ_CP085987.1	4592	0.226775956284153	0.30633802816901406	1
AbiEii_0_CAS-III	NZ_CP085987.1_4680	258	284	7.6e-05	20.5	4940349	4941122	NZ_CP085987.1	4680	0.29457364341085274	0.2640845070422535	1
AbiEii_0_CAS-III	NZ_CP085987.1_4766	548	284	0.0013	16.4	5040848	5042491	NZ_CP085987.1	4766	0.0948905109489051	0.1795774647887324	1
AbiEii_0_CAS-III	NZ_CP085987.1_4776	198	284	0.0045	14.7	5049591	5050184	NZ_CP085987.1	4776	0.42424242424242425	0.28169014084507044	1
AbiEii_0_CAS-III	NZ_CP085987.1_596	269	284	0.0001	20.1	601777	602583	NZ_CP085987.1	596	0.2936802973977695	0.2746478873239437	-1
AbiEii_0_CAS-III	NZ_CP085987.1_61	507	284	0.02	12.5	64146	65666	NZ_CP085987.1	61	0.20315581854043394	0.3626760563380282	1
AbiEii_0_CAS-III	NZ_CP085987.1_656	244	284	0.0011	16.7	664681	665412	NZ_CP085987.1	656	0.3975409836065574	0.352112676056338	-1
AbiEii_0_CAS-III	NZ_CP085987.1_805	383	284	0.0016	16.2	821072	822220	NZ_CP085987.1	805	0.21671018276762402	0.27816901408450706	1
AbiEii_0_CAS-III	NZ_CP085987.1_924	249	284	2.7e-05	22.0	936578	937324	NZ_CP085987.1	924	0.42570281124497994	0.3485915492957746	-1
AbiEii_0_CAS-III	NZ_CP085987.1_952	250	284	0.0079	13.9	969577	970326	NZ_CP085987.1	952	0.212	0.1795774647887324	-1
AbiEii_1_CAS-III-A	NZ_CP085987.1_1035	266	335	0.038	11.2	1048197	1048994	NZ_CP085987.1	1035	0.12030075187969924	0.0955223880597015	-1
AbiEii_1_CAS-III-A	NZ_CP085987.1_1351	243	335	0.016	12.5	1378940	1379668	NZ_CP085987.1	1351	0.3662551440329218	0.26865671641791045	1
AbiEii_1_CAS-III-A	NZ_CP085987.1_1417	241	335	1.5e-05	22.4	1445247	1445969	NZ_CP085987.1	1417	0.3278008298755187	0.24477611940298508	1
AbiEii_1_CAS-III-A	NZ_CP085987.1_1475	259	335	0.023	11.9	1505152	1505928	NZ_CP085987.1	1475	0.13127413127413126	0.09253731343283582	-1
AbiEii_1_CAS-III-A	NZ_CP085987.1_1646	265	335	0.0007	16.9	1690465	1691259	NZ_CP085987.1	1646	0.1660377358490566	0.1253731343283582	1
AbiEii_1_CAS-III-A	NZ_CP085987.1_2117	309	335	0.012	12.8	2179060	2179986	NZ_CP085987.1	2117	0.1262135922330097	0.11641791044776119	-1
AbiEii_1_CAS-III-A	NZ_CP085987.1_230	272	335	0.0017	15.6	248617	249432	NZ_CP085987.1	230	0.35294117647058826	0.3044776119402985	1
AbiEii_1_CAS-III-A	NZ_CP085987.1_2391	364	335	1.6e-05	22.3	2496319	2497410	NZ_CP085987.1	2391	0.260989010989011	0.29253731343283584	1
AbiEii_1_CAS-III-A	NZ_CP085987.1_3078	258	335	0.0063	13.8	3258424	3259197	NZ_CP085987.1	3078	0.28294573643410853	0.2298507462686567	1
AbiEii_1_CAS-III-A	NZ_CP085987.1_3397	256	335	0.0013	16.0	3608959	3609726	NZ_CP085987.1	3397	0.34375	0.2835820895522388	1
AbiEii_1_CAS-III-A	NZ_CP085987.1_349	251	335	4.4e-05	20.9	349363	350115	NZ_CP085987.1	349	0.3187250996015936	0.2507462686567164	1
AbiEii_1_CAS-III-A	NZ_CP085987.1_402	252	335	0.044	11.0	402534	403289	NZ_CP085987.1	402	0.15476190476190477	0.11044776119402985	-1
AbiEii_1_CAS-III-A	NZ_CP085987.1_4284	428	335	1e-05	22.9	4510828	4512111	NZ_CP085987.1	4284	0.5163551401869159	0.6805970149253732	-1
AbiEii_1_CAS-III-A	NZ_CP085987.1_4680	258	335	0.015	12.5	4940349	4941122	NZ_CP085987.1	4680	0.34108527131782945	0.2656716417910448	1
AbiEii_1_CAS-III-A	NZ_CP085987.1_61	507	335	0.028	11.7	64146	65666	NZ_CP085987.1	61	0.0650887573964497	0.09850746268656717	1
AbiEii_1_CAS-III-A	NZ_CP085987.1_656	244	335	0.0028	15.0	664681	665412	NZ_CP085987.1	656	0.39344262295081966	0.28955223880597014	-1
AbiEii_1_CAS-III-A	NZ_CP085987.1_763	296	335	0.06	10.6	781829	782716	NZ_CP085987.1	763	0.20608108108108109	0.1791044776119403	1
AbiEii_2_CAS-III-C	NZ_CP085987.1_1340	553	440	9.3e-06	23.2	1365916	1367574	NZ_CP085987.1	1340	0.15551537070524413	0.20681818181818182	-1
AbiEii_2_CAS-III-C	NZ_CP085987.1_2391	364	440	0.00047	17.6	2496319	2497410	NZ_CP085987.1	2391	0.17857142857142858	0.14545454545454545	1
AbiEii_2_CAS-III-C	NZ_CP085987.1_3096	358	440	2.6e-07	28.4	3277566	3278639	NZ_CP085987.1	3096	0.12290502793296089	0.1	1
AbiEii_2_CAS-III-C	NZ_CP085987.1_3182	397	440	4.1e-05	21.1	3368738	3369928	NZ_CP085987.1	3182	0.345088161209068	0.29772727272727273	-1
Cas10-like_3_IVC	NZ_CP085987.1_3997	198	722	0.031	10.3	4203202	4203795	NZ_CP085987.1	3997	0.35858585858585856	0.0997229916897507	1
Cas10_2_CAS-III	NZ_CP085987.1_757	601	593	0.027	10.8	776946	778748	NZ_CP085987.1	757	0.16306156405990016	0.16526138279932545	1
Cas11b_0_CAS-I-B	NZ_CP085987.1_328	148	170	0.11	10.5	328972	329415	NZ_CP085987.1	328	0.5337837837837838	0.4	-1
Cas11b_1_CAS-I-B	NZ_CP085987.1_118	241	162	0.016	13.2	125371	126093	NZ_CP085987.1	118	0.2074688796680498	0.30864197530864196	-1
Cas12a_0_VA	NZ_CP085987.1_3065	288	1288	0.0097	11.7	3243554	3244417	NZ_CP085987.1	3065	0.2847222222222222	0.06288819875776397	1
Cas12f1_0_CAS-V-F	NZ_CP085987.1_4433	377	512	0.015	12.2	4653124	4654254	NZ_CP085987.1	4433	0.38461538461538464	0.298828125	-1
Cas12f1_1_CAS-V-F	NZ_CP085987.1_4433	377	557	1.4e-07	28.7	4653124	4654254	NZ_CP085987.1	4433	0.5623342175066313	0.4129263913824057	-1
Cas12f1_2_CAS-V-F	NZ_CP085987.1_4433	377	429	1.1e-14	52.4	4653124	4654254	NZ_CP085987.1	4433	0.40318302387267907	0.35664335664335667	-1
Cas12f2_0_CAS-V-F	NZ_CP085987.1_4433	377	517	4.4e-43	145.7	4653124	4654254	NZ_CP085987.1	4433	0.8169761273209549	0.620889748549323	-1
Cas12f2_1_CAS-V-F	NZ_CP085987.1_4433	377	422	1.1e-76	256.7	4653124	4654254	NZ_CP085987.1	4433	0.9522546419098143	0.957345971563981	-1
Cas12f2_2_CAS-V-F	NZ_CP085987.1_4433	377	493	8.3e-59	197.6	4653124	4654254	NZ_CP085987.1	4433	0.8381962864721485	0.7058823529411765	-1
Cas12f3_0_CAS-V-F	NZ_CP085987.1_4433	377	496	7.9e-35	118.8	4653124	4654254	NZ_CP085987.1	4433	0.9310344827586207	0.7459677419354839	-1
Cas12f7_0_CAS-V-F	NZ_CP085987.1_4433	377	566	6.8e-08	29.8	4653124	4654254	NZ_CP085987.1	4433	0.5517241379310345	0.3869257950530035	-1
Cas12j_0_V-J	NZ_CP085987.1_4517	74	758	0.06	9.3	4751173	4751394	NZ_CP085987.1	4517	0.33783783783783783	0.03562005277044855	1
Cas12m_0_V-M	NZ_CP085987.1_2909	344	577	0.019	11.5	3070075	3071106	NZ_CP085987.1	2909	0.19767441860465115	0.11611785095320624	1
Cas12m_0_V-M	NZ_CP085987.1_4433	377	577	0.0023	14.5	4653124	4654254	NZ_CP085987.1	4433	0.3183023872679045	0.2270363951473137	-1
Cas13a_0_CAS-VI-A	NZ_CP085987.1_2288	105	165	0.034	12.5	2384478	2384792	NZ_CP085987.1	2288	0.41904761904761906	0.2787878787878788	1
Cas13a_0_VIA	NZ_CP085987.1_2288	105	167	0.014	13.9	2384478	2384792	NZ_CP085987.1	2288	0.3238095238095238	0.19760479041916168	1
Cas1_0_CAS-I-II-III-IV-V-VI	NZ_CP085987.1_4016	307	317	7.3e-18	62.8	4218923	4219843	NZ_CP085987.1	4016	0.7947882736156352	0.7665615141955836	-1
Cas1_0_I-II-III	NZ_CP085987.1_4016	307	327	4.1e-54	181.9	4218923	4219843	NZ_CP085987.1	4016	0.7166123778501629	0.6788990825688074	-1
Cas1_0_I-II-III-V	NZ_CP085987.1_4016	307	315	4.5e-11	40.3	4218923	4219843	NZ_CP085987.1	4016	0.5928338762214984	0.580952380952381	-1
Cas1_0_IA	NZ_CP085987.1_4016	307	347	3.6e-05	20.9	4218923	4219843	NZ_CP085987.1	4016	0.5700325732899023	0.5072046109510087	-1
Cas1_0_IC	NZ_CP085987.1_4016	307	340	0.00024	18.5	4218923	4219843	NZ_CP085987.1	4016	0.41042345276872966	0.3735294117647059	-1
Cas1_0_IE	NZ_CP085987.1_4016	307	269	9.3e-115	380.5	4218923	4219843	NZ_CP085987.1	4016	0.8631921824104235	0.9888475836431226	-1
Cas1_0_IF	NZ_CP085987.1_4016	307	307	2.5e-15	54.7	4218923	4219843	NZ_CP085987.1	4016	0.6840390879478827	0.6807817589576547	-1
Cas1_1_CAS-I-II-III-IV-V-VI	NZ_CP085987.1_4016	307	261	3.8e-53	178.5	4218923	4219843	NZ_CP085987.1	4016	0.745928338762215	0.9961685823754789	-1
Cas1_2_CAS-I-II-III-IV-V-VI	NZ_CP085987.1_4016	307	306	3.7e-15	54.1	4218923	4219843	NZ_CP085987.1	4016	0.6905537459283387	0.6895424836601307	-1
Cas1_3_CAS-I-II-III-IV-V-VI	NZ_CP085987.1_4016	307	262	6e-113	374.5	4218923	4219843	NZ_CP085987.1	4016	0.8501628664495114	0.9961832061068703	-1
Cas1_5_CAS-I-II-III-IV-V-VI	NZ_CP085987.1_4016	307	338	0.00039	17.8	4218923	4219843	NZ_CP085987.1	4016	0.41042345276872966	0.3757396449704142	-1
Cas1_6_CAS-I-II-III-IV-V-VI	NZ_CP085987.1_4016	307	320	9.5e-07	26.4	4218923	4219843	NZ_CP085987.1	4016	0.5960912052117264	0.571875	-1
Cas1_7_CAS-I-II-III-IV-V-VI	NZ_CP085987.1_4016	307	328	2.1999999999999998e-69	232.1	4218923	4219843	NZ_CP085987.1	4016	0.9543973941368078	0.9786585365853658	-1
Cas1_8_CAS-I-II-III-IV-V-VI	NZ_CP085987.1_4016	307	283	7.7e-16	56.2	4218923	4219843	NZ_CP085987.1	4016	0.6319218241042345	0.6890459363957597	-1
Cas2_0_IE	NZ_CP085987.1_3807	211	87	0.01	14.1	4022705	4023337	NZ_CP085987.1	3807	0.27488151658767773	0.40229885057471265	1
Cas2_0_IE	NZ_CP085987.1_4015	98	87	3.4e-39	131.0	4218630	4218923	NZ_CP085987.1	4015	0.8775510204081632	1.0	-1
Cas2_10_CAS-I-II-III-IV-V-VI	NZ_CP085987.1_4015	98	86	1.9000000000000002e-36	122.1	4218630	4218923	NZ_CP085987.1	4015	0.8775510204081632	1.0	-1
Cas2_11_CAS-I-II-III-IV-V-VI	NZ_CP085987.1_4748	357	71	0.0067	14.8	5014653	5015723	NZ_CP085987.1	4748	0.12885154061624648	0.6338028169014085	1
Cas2_1_CAS-I-II-III-IV-V-VI	NZ_CP085987.1_3807	211	93	0.0096	14.2	4022705	4023337	NZ_CP085987.1	3807	0.2843601895734597	0.3978494623655914	1
Cas2_1_CAS-I-II-III-IV-V-VI	NZ_CP085987.1_4015	98	93	4.2e-40	133.9	4218630	4218923	NZ_CP085987.1	4015	0.9285714285714286	1.0	-1
Cas2_3_CAS-I-II-III-IV-V-VI	NZ_CP085987.1_4015	98	62	1.5999999999999999e-29	99.9	4218630	4218923	NZ_CP085987.1	4015	0.6326530612244898	1.0	-1
Cas2_7_CAS-I-II-III-IV-V-VI	NZ_CP085987.1_3024	420	94	0.024	13.2	3193178	3194437	NZ_CP085987.1	3024	0.14761904761904762	0.3829787234042553	-1
Cas3-Cas2_0_CAS-I-F	NZ_CP085987.1_4023	732	1106	0.0068	12.3	4224893	4227088	NZ_CP085987.1	4023	0.23770491803278687	0.16003616636528029	-1
Cas3-Cas2_0_IF	NZ_CP085987.1_4023	732	1110	0.0051	12.7	4224893	4227088	NZ_CP085987.1	4023	0.23770491803278687	0.15945945945945947	-1
Cas3HD_0_CAS-I	NZ_CP085987.1_3788	414	203	0.014	13.4	4000608	4001849	NZ_CP085987.1	3788	0.21014492753623187	0.4187192118226601	-1
Cas3HD_0_CAS-I	NZ_CP085987.1_4023	732	203	5.799999999999999e-31	106.0	4224893	4227088	NZ_CP085987.1	4023	0.28415300546448086	0.9950738916256158	-1
Cas3HD_0_CAS-I	NZ_CP085987.1_4699	200	203	0.0063	14.5	4959351	4959950	NZ_CP085987.1	4699	0.325	0.33004926108374383	-1
Cas3HD_2_CAS-I	NZ_CP085987.1_2696	563	231	0.052	11.2	2811033	2812721	NZ_CP085987.1	2696	0.12788632326820604	0.3116883116883117	-1
Cas3_0_CAS-I	NZ_CP085987.1_1074	1149	353	6.2e-12	43.4	1089180	1092626	NZ_CP085987.1	1074	0.2175805047867711	0.7337110481586402	1
Cas3_0_CAS-I	NZ_CP085987.1_1423	715	353	0.056	10.6	1451409	1453553	NZ_CP085987.1	1423	0.05174825174825175	0.10764872521246459	-1
Cas3_0_CAS-I	NZ_CP085987.1_1424	455	353	4.4e-06	24.1	1453761	1455125	NZ_CP085987.1	1424	0.4703296703296703	0.6005665722379604	-1
Cas3_0_CAS-I	NZ_CP085987.1_2100	825	353	9.4e-05	19.8	2161385	2163859	NZ_CP085987.1	2100	0.1709090909090909	0.3937677053824363	-1
Cas3_0_CAS-I	NZ_CP085987.1_2192	969	353	0.0037	14.5	2269260	2272166	NZ_CP085987.1	2192	0.18059855521155832	0.49008498583569404	1
Cas3_0_CAS-I	NZ_CP085987.1_27	587	353	0.063	10.5	24321	26081	NZ_CP085987.1	27	0.2879045996592845	0.34560906515580736	-1
Cas3_0_CAS-I	NZ_CP085987.1_3026	422	353	1.2e-06	26.0	3195329	3196594	NZ_CP085987.1	3026	0.3957345971563981	0.48725212464589235	1
Cas3_0_CAS-I	NZ_CP085987.1_3190	694	353	2e-12	45.0	3380975	3383056	NZ_CP085987.1	3190	0.4020172910662824	0.7705382436260623	-1
Cas3_0_CAS-I	NZ_CP085987.1_3674	630	353	1.1e-06	26.1	3891020	3892909	NZ_CP085987.1	3674	0.3968253968253968	0.7138810198300283	1
Cas3_0_CAS-I	NZ_CP085987.1_4023	732	353	8.6e-63	210.7	4224893	4227088	NZ_CP085987.1	4023	0.587431693989071	0.9943342776203966	-1
Cas3_0_CAS-I	NZ_CP085987.1_4386	445	353	1.2e-10	39.2	4617359	4618693	NZ_CP085987.1	4386	0.6764044943820224	0.8951841359773371	-1
Cas3_0_CAS-I	NZ_CP085987.1_636	458	353	7.2e-13	46.5	641082	642455	NZ_CP085987.1	636	0.5524017467248908	0.7195467422096318	1
Cas3_0_CAS-I-D	NZ_CP085987.1_3190	694	626	0.014	11.7	3380975	3383056	NZ_CP085987.1	3190	0.12247838616714697	0.13738019169329074	-1
Cas3_0_CAS-I-D	NZ_CP085987.1_4023	732	626	1.8e-05	21.2	4224893	4227088	NZ_CP085987.1	4023	0.34289617486338797	0.3993610223642173	-1
Cas3_0_CAS-I-D	NZ_CP085987.1_4386	445	626	1.5e-05	21.5	4617359	4618693	NZ_CP085987.1	4386	0.5887640449438202	0.41054313099041534	-1
Cas3_0_CAS-I-D	NZ_CP085987.1_474	637	626	2.9e-07	27.2	470310	472220	NZ_CP085987.1	474	0.10047095761381476	0.09904153354632587	1
Cas3_0_CAS-I-D	NZ_CP085987.1_636	458	626	0.0087	12.4	641082	642455	NZ_CP085987.1	636	0.3864628820960699	0.2779552715654952	1
Cas3_0_CAS-I-U	NZ_CP085987.1_2192	969	843	0.0017	14.4	2269260	2272166	NZ_CP085987.1	2192	0.0629514963880289	0.06880189798339265	1
Cas3_0_CAS-I-U	NZ_CP085987.1_27	587	843	0.00021	17.4	24321	26081	NZ_CP085987.1	27	0.15843270868824533	0.1103202846975089	-1
Cas3_0_CAS-I-U	NZ_CP085987.1_4023	732	843	8.1e-11	38.6	4224893	4227088	NZ_CP085987.1	4023	0.3155737704918033	0.2669039145907473	-1
Cas3_0_I	NZ_CP085987.1_1074	1149	358	7.5e-11	39.8	1089180	1092626	NZ_CP085987.1	1074	0.2288946910356832	0.7541899441340782	1
Cas3_0_I	NZ_CP085987.1_1424	455	358	7.5e-06	23.3	1453761	1455125	NZ_CP085987.1	1424	0.421978021978022	0.5558659217877095	-1
Cas3_0_I	NZ_CP085987.1_2100	825	358	0.00015	19.1	2161385	2163859	NZ_CP085987.1	2100	0.1684848484848485	0.3854748603351955	-1
Cas3_0_I	NZ_CP085987.1_2192	969	358	0.017	12.3	2269260	2272166	NZ_CP085987.1	2192	0.07327141382868937	0.19273743016759776	1
Cas3_0_I	NZ_CP085987.1_3026	422	358	4.6e-07	27.3	3195329	3196594	NZ_CP085987.1	3026	0.514218009478673	0.6061452513966481	1
Cas3_0_I	NZ_CP085987.1_3190	694	358	2.5e-11	41.4	3380975	3383056	NZ_CP085987.1	3190	0.42219020172910665	0.8491620111731844	-1
Cas3_0_I	NZ_CP085987.1_3674	630	358	1.6e-05	22.3	3891020	3892909	NZ_CP085987.1	3674	0.3825396825396825	0.6843575418994413	1
Cas3_0_I	NZ_CP085987.1_4023	732	358	5.9e-63	211.2	4224893	4227088	NZ_CP085987.1	4023	0.587431693989071	0.994413407821229	-1
Cas3_0_I	NZ_CP085987.1_4386	445	358	1.6e-10	38.8	4617359	4618693	NZ_CP085987.1	4386	0.6741573033707865	0.8910614525139665	-1
Cas3_0_I	NZ_CP085987.1_636	458	358	6.9e-13	46.5	641082	642455	NZ_CP085987.1	636	0.4388646288209607	0.5754189944134078	1
Cas3_0_ID	NZ_CP085987.1_3674	630	357	0.0074	13.5	3891020	3892909	NZ_CP085987.1	3674	0.2650793650793651	0.42857142857142855	1
Cas3_0_ID	NZ_CP085987.1_4023	732	357	0.042	11.0	4224893	4227088	NZ_CP085987.1	4023	0.08333333333333333	0.17086834733893558	-1
Cas3_0_ID	NZ_CP085987.1_4386	445	357	5.8e-05	20.4	4617359	4618693	NZ_CP085987.1	4386	0.5146067415730337	0.5546218487394958	-1
Cas3_0_IU	NZ_CP085987.1_2192	969	864	7.1e-05	19.0	2269260	2272166	NZ_CP085987.1	2192	0.09184726522187822	0.09490740740740741	1
Cas3_0_IU	NZ_CP085987.1_4023	732	864	2.6e-10	37.0	4224893	4227088	NZ_CP085987.1	4023	0.3114754098360656	0.2650462962962963	-1
Cas3_1_CAS-I	NZ_CP085987.1_1074	1149	745	0.014	11.8	1089180	1092626	NZ_CP085987.1	1074	0.13054830287206268	0.2080536912751678	1
Cas3_1_CAS-I	NZ_CP085987.1_1163	263	745	0.0066	12.9	1176170	1176958	NZ_CP085987.1	1163	0.376425855513308	0.138255033557047	-1
Cas3_1_CAS-I	NZ_CP085987.1_1423	715	745	0.04	10.3	1451409	1453553	NZ_CP085987.1	1423	0.04195804195804196	0.04161073825503356	-1
Cas3_1_CAS-I	NZ_CP085987.1_1424	455	745	0.0073	12.8	1453761	1455125	NZ_CP085987.1	1424	0.47912087912087914	0.3046979865771812	-1
Cas3_1_CAS-I	NZ_CP085987.1_2100	825	745	0.032	10.6	2161385	2163859	NZ_CP085987.1	2100	0.06787878787878789	0.0738255033557047	-1
Cas3_1_CAS-I	NZ_CP085987.1_3026	422	745	0.0022	14.5	3195329	3196594	NZ_CP085987.1	3026	0.4004739336492891	0.23624161073825503	1
Cas3_1_CAS-I	NZ_CP085987.1_3190	694	745	4.3e-06	23.4	3380975	3383056	NZ_CP085987.1	3190	0.14697406340057637	0.14899328859060404	-1
Cas3_1_CAS-I	NZ_CP085987.1_3674	630	745	0.055	9.8	3891020	3892909	NZ_CP085987.1	3674	0.24444444444444444	0.21610738255033557	1
Cas3_1_CAS-I	NZ_CP085987.1_4022	144	745	6.7e-17	59.2	4224425	4224856	NZ_CP085987.1	4022	0.6944444444444444	0.14228187919463087	-1
Cas3_1_CAS-I	NZ_CP085987.1_4023	732	745	3.3e-157	523.1	4224893	4227088	NZ_CP085987.1	4023	0.8620218579234973	0.8080536912751678	-1
Cas3_1_CAS-I	NZ_CP085987.1_4386	445	745	1.3e-05	21.9	4617359	4618693	NZ_CP085987.1	4386	0.3303370786516854	0.13154362416107382	-1
Cas3_1_CAS-I-D	NZ_CP085987.1_1423	715	353	0.023	11.9	1451409	1453553	NZ_CP085987.1	1423	0.06853146853146853	0.13031161473087818	-1
Cas3_1_CAS-I-D	NZ_CP085987.1_3674	630	353	0.0037	14.5	3891020	3892909	NZ_CP085987.1	3674	0.18095238095238095	0.29745042492917845	1
Cas3_1_CAS-I-D	NZ_CP085987.1_4386	445	353	0.00021	18.6	4617359	4618693	NZ_CP085987.1	4386	0.3797752808988764	0.43059490084985835	-1
Cas3_1_CAS-I-D	NZ_CP085987.1_474	637	353	0.023	11.9	470310	472220	NZ_CP085987.1	474	0.06436420722135008	0.12181303116147309	1
Cas3_1_I	NZ_CP085987.1_4023	732	178	3e-27	93.9	4224893	4227088	NZ_CP085987.1	4023	0.2677595628415301	1.0	-1
Cas3_2_CAS-I	NZ_CP085987.1_1074	1149	967	0.0011	15.2	1089180	1092626	NZ_CP085987.1	1074	0.06005221932114883	0.0672182006204757	1
Cas3_2_CAS-I	NZ_CP085987.1_3190	694	967	9.3e-08	28.7	3380975	3383056	NZ_CP085987.1	3190	0.35446685878962536	0.26059979317476734	-1
Cas3_2_CAS-I	NZ_CP085987.1_3674	630	967	4.4e-07	26.5	3891020	3892909	NZ_CP085987.1	3674	0.28888888888888886	0.18200620475698034	1
Cas3d_0_CAS-I-D	NZ_CP085987.1_3674	630	639	0.017	11.6	3891020	3892909	NZ_CP085987.1	3674	0.1984126984126984	0.18935837245696402	1
Cas3d_0_CAS-I-D	NZ_CP085987.1_4386	445	639	0.025	11.1	4617359	4618693	NZ_CP085987.1	4386	0.1752808988764045	0.11737089201877934	-1
Cas3d_1_CAS-I-D	NZ_CP085987.1_2986	616	627	0.0062	12.9	3155616	3157463	NZ_CP085987.1	2986	0.16396103896103897	0.16267942583732056	-1
Cas4_0_I-II	NZ_CP085987.1_2379	332	180	0.0024	15.8	2481403	2482398	NZ_CP085987.1	2379	0.22289156626506024	0.4166666666666667	-1
Cas4_3_CAS-I-II-III-IV-V-VI	NZ_CP085987.1_4340	267	197	0.029	12.5	4572958	4573758	NZ_CP085987.1	4340	0.1198501872659176	0.16243654822335024	1
Cas4_5_CAS-I-II-III-IV-V-VI	NZ_CP085987.1_4340	267	161	0.0078	14.5	4572958	4573758	NZ_CP085987.1	4340	0.36704119850187267	0.4906832298136646	1
Cas5_0_CAS-I	NZ_CP085987.1_4018	249	201	1.8e-38	130.5	4220472	4221218	NZ_CP085987.1	4018	0.8514056224899599	0.8955223880597015	-1
Cas5_0_CAS-I-A	NZ_CP085987.1_1912	111	179	0.018	13.1	1974383	1974715	NZ_CP085987.1	1912	0.5495495495495496	0.3407821229050279	-1
Cas5_0_CAS-I-E	NZ_CP085987.1_4018	249	182	7.7e-55	183.6	4220472	4221218	NZ_CP085987.1	4018	0.7228915662650602	0.978021978021978	-1
Cas5_0_I	NZ_CP085987.1_4018	249	43	3.7e-14	50.3	4220472	4221218	NZ_CP085987.1	4018	0.17269076305220885	1.0	-1
Cas5_0_IE	NZ_CP085987.1_4018	249	230	7.400000000000001e-44	148.2	4220472	4221218	NZ_CP085987.1	4018	0.927710843373494	0.991304347826087	-1
Cas5_10_CAS-I-B	NZ_CP085987.1_4018	249	238	9.4e-06	23.3	4220472	4221218	NZ_CP085987.1	4018	0.3092369477911647	0.31932773109243695	-1
Cas5_1_CAS-I-B	NZ_CP085987.1_1333	153	276	0.0014	16.1	1357810	1358268	NZ_CP085987.1	1333	0.38562091503267976	0.21739130434782608	-1
Cas5_1_CAS-I-B	NZ_CP085987.1_1438	153	276	0.0014	16.1	1466682	1467140	NZ_CP085987.1	1438	0.38562091503267976	0.21739130434782608	-1
Cas5_1_CAS-I-B	NZ_CP085987.1_1776	153	276	0.0014	16.1	1827017	1827475	NZ_CP085987.1	1776	0.38562091503267976	0.21739130434782608	-1
Cas5_1_CAS-I-B	NZ_CP085987.1_2482	153	276	0.0014	16.1	2600771	2601229	NZ_CP085987.1	2482	0.38562091503267976	0.21739130434782608	-1
Cas5_1_CAS-I-B	NZ_CP085987.1_3480	153	276	0.0014	16.1	3703480	3703938	NZ_CP085987.1	3480	0.38562091503267976	0.21739130434782608	1
Cas5_1_CAS-I-B	NZ_CP085987.1_4587	153	276	0.0014	16.1	4844473	4844931	NZ_CP085987.1	4587	0.38562091503267976	0.21739130434782608	1
Cas5_1_CAS-I-B	NZ_CP085987.1_4653	153	276	0.0014	16.1	4914124	4914582	NZ_CP085987.1	4653	0.38562091503267976	0.21739130434782608	1
Cas5_1_CAS-I-E	NZ_CP085987.1_4018	249	180	2e-52	175.7	4220472	4221218	NZ_CP085987.1	4018	0.6947791164658634	0.9444444444444444	-1
Cas5_1_IB	NZ_CP085987.1_4018	249	241	0.00028	18.7	4220472	4221218	NZ_CP085987.1	4018	0.6024096385542169	0.5767634854771784	-1
Cas5_2_CAS-I	NZ_CP085987.1_4018	249	213	1.4e-31	108.2	4220472	4221218	NZ_CP085987.1	4018	0.9196787148594378	0.9953051643192489	-1
Cas5_4_CAS-I-B	NZ_CP085987.1_4018	249	190	9.7e-09	33.2	4220472	4221218	NZ_CP085987.1	4018	0.6024096385542169	0.7473684210526316	-1
Cas5_7_CAS-I-B	NZ_CP085987.1_4018	249	239	8.3e-05	20.4	4220472	4221218	NZ_CP085987.1	4018	0.606425702811245	0.5857740585774058	-1
Cas6_0_IE	NZ_CP085987.1_4017	217	208	9.1e-76	252.9	4219840	4220490	NZ_CP085987.1	4017	0.9769585253456221	0.9951923076923077	-1
Cas6_0_IVA3	NZ_CP085987.1_4017	217	189	3.3e-09	34.9	4219840	4220490	NZ_CP085987.1	4017	0.43317972350230416	0.4973544973544973	-1
Cas6_12_CAS-I-II-III-IV-V-VI	NZ_CP085987.1_340	468	200	0.012	13.7	339923	341326	NZ_CP085987.1	340	0.2564102564102564	0.6	-1
Cas6_4_IVA	NZ_CP085987.1_4017	217	193	0.0037	15.0	4219840	4220490	NZ_CP085987.1	4017	0.2534562211981567	0.27461139896373055	-1
Cas6_5_IV	NZ_CP085987.1_4017	217	188	2.6e-08	32.0	4219840	4220490	NZ_CP085987.1	4017	0.6082949308755761	0.6276595744680851	-1
Cas6e_0_CAS-I-II-III-IV-V-VI	NZ_CP085987.1_3017	226	210	0.026	12.6	3186363	3187040	NZ_CP085987.1	3017	0.13716814159292035	0.1523809523809524	-1
Cas6e_0_CAS-I-II-III-IV-V-VI	NZ_CP085987.1_4017	217	210	1.2e-72	242.5	4219840	4220490	NZ_CP085987.1	4017	0.9769585253456221	0.9952380952380953	-1
Cas6e_1_CAS-I-II-III-IV-V-VI	NZ_CP085987.1_4017	217	212	2e-62	209.1	4219840	4220490	NZ_CP085987.1	4017	0.9769585253456221	1.0	-1
Cas6e_2_CAS-I-II-III-IV-V-VI	NZ_CP085987.1_4017	217	202	1.5e-56	190.1	4219840	4220490	NZ_CP085987.1	4017	0.9723502304147466	1.0	-1
Cas7_0_CAS-I	NZ_CP085987.1_2667	311	230	0.019	12.3	2778195	2779127	NZ_CP085987.1	2667	0.31511254019292606	0.3565217391304348	1
Cas7_0_CAS-I-E	NZ_CP085987.1_4019	353	325	2.1e-118	394.1	4221229	4222287	NZ_CP085987.1	4019	0.9150141643059491	1.0	-1
Cas7_0_CAS-I-E	NZ_CP085987.1_4118	294	325	0.0064	14.5	4339924	4340805	NZ_CP085987.1	4118	0.30612244897959184	0.27076923076923076	-1
Cas7_0_CAS-I-F	NZ_CP085987.1_1462	273	315	0.045	11.1	1492407	1493225	NZ_CP085987.1	1462	0.4358974358974359	0.346031746031746	1
Cas7_0_IE	NZ_CP085987.1_4019	353	325	4e-120	399.7	4221229	4222287	NZ_CP085987.1	4019	0.9150141643059491	1.0	-1
Cas7_0_IE	NZ_CP085987.1_4118	294	325	0.013	13.5	4339924	4340805	NZ_CP085987.1	4118	0.30272108843537415	0.2676923076923077	-1
Cas7_1_CAS-I-E	NZ_CP085987.1_4019	353	359	1.9e-100	334.9	4221229	4222287	NZ_CP085987.1	4019	0.9518413597733711	0.935933147632312	-1
Cas7_1_IB	NZ_CP085987.1_3168	314	321	0.0081	13.3	3352359	3353300	NZ_CP085987.1	3168	0.4426751592356688	0.4174454828660436	1
Cas8a1_0_CAS-I-A	NZ_CP085987.1_2814	321	377	0.013	12.6	2961562	2962524	NZ_CP085987.1	2814	0.22118380062305296	0.1856763925729443	-1
Cas8a1_1_CAS-I-A	NZ_CP085987.1_3973	686	296	0.34	8.2	4178420	4180477	NZ_CP085987.1	3973	0.12973760932944606	0.16554054054054054	-1
Cas8a1_2_CAS-I-A	NZ_CP085987.1_2814	321	377	0.013	12.6	2961562	2962524	NZ_CP085987.1	2814	0.22118380062305296	0.1856763925729443	-1
Cas8b1_7_CAS-I-B	NZ_CP085987.1_3813	75	686	0.047	10.1	4027580	4027804	NZ_CP085987.1	3813	0.88	0.09475218658892129	-1
Cas8b2_4_CAS-I-B	NZ_CP085987.1_4557	77	65	0.064	11.7	4816749	4816979	NZ_CP085987.1	4557	0.38961038961038963	0.46153846153846156	1
Cas8b8_0_CAS-I-B	NZ_CP085987.1_2020	503	594	0.0065	13.0	2066273	2067781	NZ_CP085987.1	2020	0.0775347912524851	0.06565656565656566	-1
Cas8e_0_CAS-I-E	NZ_CP085987.1_4021	486	470	1.2e-158	527.1	4222858	4224315	NZ_CP085987.1	4021	0.9711934156378601	0.9340425531914893	-1
Cas8e_1_CAS-I-E	NZ_CP085987.1_4021	486	474	1.3999999999999999e-114	381.9	4222858	4224315	NZ_CP085987.1	4021	0.9032921810699589	0.930379746835443	-1
Cas8e_4_CAS-I-E	NZ_CP085987.1_2069	186	465	0.024	11.7	2124462	2125019	NZ_CP085987.1	2069	0.43548387096774194	0.17419354838709677	-1
Cas8e_4_CAS-I-E	NZ_CP085987.1_4021	486	465	1.9e-96	321.9	4222858	4224315	NZ_CP085987.1	4021	0.8868312757201646	0.9354838709677419	-1
Cas8u1_0_CAS-I-U	NZ_CP085987.1_3032	114	702	0.0016	15.1	3203698	3204039	NZ_CP085987.1	3032	0.7719298245614035	0.13247863247863248	-1
Cas9_0_II-C2	NZ_CP085987.1_1940	117	967	1.2e-05	21.8	1997099	1997449	NZ_CP085987.1	1940	0.5213675213675214	0.06204756980351603	-1
Cas9_0_II-C2	NZ_CP085987.1_273	117	967	7.1e-06	22.5	286429	286779	NZ_CP085987.1	273	0.5470085470085471	0.0672182006204757	1
Cas9_0_II-D	NZ_CP085987.1_1940	117	853	0.00046	16.8	1997099	1997449	NZ_CP085987.1	1940	0.905982905982906	0.13130128956623682	-1
Cas9_0_II-D	NZ_CP085987.1_273	117	853	0.00059	16.4	286429	286779	NZ_CP085987.1	273	0.5982905982905983	0.07971864009378664	1
Cas9_1_CAS-II-C	NZ_CP085987.1_63	412	568	0.07	10.0	66767	68002	NZ_CP085987.1	63	0.18446601941747573	0.12852112676056338	-1
CasR_0_CAS-I-II-III-IV-V-VI	NZ_CP085987.1_1148	217	198	0.00049	17.9	1161144	1161794	NZ_CP085987.1	1148	0.22580645161290322	0.25757575757575757	1
CasR_0_CAS-I-II-III-IV-V-VI	NZ_CP085987.1_1280	154	198	3.4e-05	21.7	1289893	1290354	NZ_CP085987.1	1280	0.3181818181818182	0.2474747474747475	1
CasR_0_CAS-I-II-III-IV-V-VI	NZ_CP085987.1_1322	165	198	0.00038	18.2	1346198	1346692	NZ_CP085987.1	1322	0.2909090909090909	0.24242424242424243	-1
CasR_0_CAS-I-II-III-IV-V-VI	NZ_CP085987.1_1409	158	198	0.0031	15.2	1437967	1438440	NZ_CP085987.1	1409	0.22784810126582278	0.18181818181818182	-1
CasR_0_CAS-I-II-III-IV-V-VI	NZ_CP085987.1_1684	211	198	0.0018	16.0	1731112	1731744	NZ_CP085987.1	1684	0.18009478672985782	0.20202020202020202	1
CasR_0_CAS-I-II-III-IV-V-VI	NZ_CP085987.1_1716	273	198	0.00068	17.4	1764618	1765436	NZ_CP085987.1	1716	0.18315018315018314	0.2474747474747475	-1
CasR_0_CAS-I-II-III-IV-V-VI	NZ_CP085987.1_1954	133	198	0.00061	17.6	2005395	2005793	NZ_CP085987.1	1954	0.2857142857142857	0.1919191919191919	-1
CasR_0_CAS-I-II-III-IV-V-VI	NZ_CP085987.1_2125	256	198	0.0011	16.7	2187996	2188763	NZ_CP085987.1	2125	0.18359375	0.23737373737373738	-1
CasR_0_CAS-I-II-III-IV-V-VI	NZ_CP085987.1_2375	242	198	0.023	12.4	2477756	2478481	NZ_CP085987.1	2375	0.15289256198347106	0.19696969696969696	-1
CasR_0_CAS-I-II-III-IV-V-VI	NZ_CP085987.1_2480	129	198	0.033	11.9	2600082	2600468	NZ_CP085987.1	2480	0.4186046511627907	0.2727272727272727	-1
CasR_0_CAS-I-II-III-IV-V-VI	NZ_CP085987.1_2502	252	198	0.0016	16.2	2616594	2617349	NZ_CP085987.1	2502	0.4126984126984127	0.42424242424242425	1
CasR_0_CAS-I-II-III-IV-V-VI	NZ_CP085987.1_2618	118	198	0.00023	18.9	2732815	2733168	NZ_CP085987.1	2618	0.4576271186440678	0.2777777777777778	-1
CasR_0_CAS-I-II-III-IV-V-VI	NZ_CP085987.1_2775	275	198	0.0017	16.1	2912292	2913116	NZ_CP085987.1	2775	0.18181818181818182	0.2474747474747475	1
CasR_0_CAS-I-II-III-IV-V-VI	NZ_CP085987.1_2925	268	198	2.5e-06	25.4	3083655	3084458	NZ_CP085987.1	2925	0.1865671641791045	0.25252525252525254	-1
CasR_0_CAS-I-II-III-IV-V-VI	NZ_CP085987.1_3055	153	198	0.0041	14.9	3234780	3235238	NZ_CP085987.1	3055	0.41830065359477125	0.32323232323232326	1
CasR_0_CAS-I-II-III-IV-V-VI	NZ_CP085987.1_3144	197	198	0.0043	14.8	3328793	3329383	NZ_CP085987.1	3144	0.2182741116751269	0.22727272727272727	1
CasR_0_CAS-I-II-III-IV-V-VI	NZ_CP085987.1_3353	201	198	0.0037	15.0	3559022	3559624	NZ_CP085987.1	3353	0.3283582089552239	0.3383838383838384	1
CasR_0_CAS-I-II-III-IV-V-VI	NZ_CP085987.1_3411	405	198	0.00042	18.1	3621511	3622725	NZ_CP085987.1	3411	0.11358024691358025	0.23232323232323232	-1
CasR_0_CAS-I-II-III-IV-V-VI	NZ_CP085987.1_3435	253	198	0.00093	17.0	3651889	3652647	NZ_CP085987.1	3435	0.18972332015810275	0.24242424242424243	1
CasR_0_CAS-I-II-III-IV-V-VI	NZ_CP085987.1_352	219	198	0.0052	14.5	351824	352480	NZ_CP085987.1	352	0.2191780821917808	0.25252525252525254	1
CasR_0_CAS-I-II-III-IV-V-VI	NZ_CP085987.1_3692	258	198	0.00048	17.9	3906852	3907625	NZ_CP085987.1	3692	0.17829457364341086	0.23232323232323232	-1
CasR_0_CAS-I-II-III-IV-V-VI	NZ_CP085987.1_3702	278	198	1.4e-06	26.1	3916823	3917656	NZ_CP085987.1	3702	0.17985611510791366	0.25252525252525254	1
CasR_0_CAS-I-II-III-IV-V-VI	NZ_CP085987.1_3815	111	198	0.0047	14.7	4028675	4029007	NZ_CP085987.1	3815	0.6756756756756757	0.3939393939393939	1
CasR_0_CAS-I-II-III-IV-V-VI	NZ_CP085987.1_3877	100	198	3.7e-06	24.8	4086058	4086357	NZ_CP085987.1	3877	0.58	0.29292929292929293	1
CasR_0_CAS-I-II-III-IV-V-VI	NZ_CP085987.1_3914	258	198	0.00018	19.3	4121654	4122427	NZ_CP085987.1	3914	0.17829457364341086	0.23232323232323232	1
CasR_0_CAS-I-II-III-IV-V-VI	NZ_CP085987.1_3995	255	198	0.00024	18.9	4201844	4202608	NZ_CP085987.1	3995	0.18823529411764706	0.24242424242424243	1
CasR_0_CAS-I-II-III-IV-V-VI	NZ_CP085987.1_4	216	198	0.00015	19.5	3287	3934	NZ_CP085987.1	4	0.19444444444444445	0.2222222222222222	-1
CasR_0_CAS-I-II-III-IV-V-VI	NZ_CP085987.1_4058	237	198	0.0047	14.7	4271892	4272602	NZ_CP085987.1	4058	0.2109704641350211	0.25252525252525254	1
CasR_0_CAS-I-II-III-IV-V-VI	NZ_CP085987.1_455	264	198	0.013	13.2	452273	453064	NZ_CP085987.1	455	0.19696969696969696	0.2676767676767677	1
CasR_0_CAS-I-II-III-IV-V-VI	NZ_CP085987.1_528	217	198	0.029	12.1	524017	524667	NZ_CP085987.1	528	0.3271889400921659	0.24242424242424243	-1
CasR_0_CAS-I-II-III-IV-V-VI	NZ_CP085987.1_588	241	198	1.3e-05	23.0	591080	591802	NZ_CP085987.1	588	0.24896265560165975	0.1919191919191919	-1
CasR_0_CAS-I-II-III-IV-V-VI	NZ_CP085987.1_747	163	198	1.6e-05	22.7	766063	766551	NZ_CP085987.1	747	0.31901840490797545	0.26262626262626265	-1
CasR_0_CAS-I-II-III-IV-V-VI	NZ_CP085987.1_849	145	198	0.00015	19.5	870423	870857	NZ_CP085987.1	849	0.5724137931034483	0.41414141414141414	-1
CasR_0_CAS-III-B-III-D	NZ_CP085987.1_4591	292	255	1.1	6.8	4847950	4848825	NZ_CP085987.1	4591	0.3219178082191781	0.25882352941176473	1
CasR_0_CAS-III-B-III-D	NZ_CP085987.1_724	219	255	0.13	9.8	741193	741849	NZ_CP085987.1	724	0.5342465753424658	0.26666666666666666	1
CasR_1_CAS-I-II-III-IV-V-VI	NZ_CP085987.1_1029	198	218	0.0066	13.7	1043399	1043992	NZ_CP085987.1	1029	0.25252525252525254	0.23853211009174313	-1
CasR_1_CAS-I-II-III-IV-V-VI	NZ_CP085987.1_1148	217	218	0.0002	18.7	1161144	1161794	NZ_CP085987.1	1148	0.22119815668202766	0.22935779816513763	1
CasR_1_CAS-I-II-III-IV-V-VI	NZ_CP085987.1_1280	154	218	3.2e-06	24.6	1289893	1290354	NZ_CP085987.1	1280	0.3181818181818182	0.22477064220183487	1
CasR_1_CAS-I-II-III-IV-V-VI	NZ_CP085987.1_1322	165	218	5.8e-05	20.5	1346198	1346692	NZ_CP085987.1	1322	0.4909090909090909	0.3761467889908257	-1
CasR_1_CAS-I-II-III-IV-V-VI	NZ_CP085987.1_1409	158	218	0.012	12.9	1437967	1438440	NZ_CP085987.1	1409	0.23417721518987342	0.16972477064220184	-1
CasR_1_CAS-I-II-III-IV-V-VI	NZ_CP085987.1_1684	211	218	9.1e-05	19.8	1731112	1731744	NZ_CP085987.1	1684	0.18009478672985782	0.1834862385321101	1
CasR_1_CAS-I-II-III-IV-V-VI	NZ_CP085987.1_1716	273	218	0.0064	13.8	1764618	1765436	NZ_CP085987.1	1716	0.1794871794871795	0.22018348623853212	-1
CasR_1_CAS-I-II-III-IV-V-VI	NZ_CP085987.1_1954	133	218	0.00012	19.4	2005395	2005793	NZ_CP085987.1	1954	0.2781954887218045	0.16972477064220184	-1
CasR_1_CAS-I-II-III-IV-V-VI	NZ_CP085987.1_2125	256	218	0.0017	15.6	2187996	2188763	NZ_CP085987.1	2125	0.171875	0.2018348623853211	-1
CasR_1_CAS-I-II-III-IV-V-VI	NZ_CP085987.1_2336	242	218	0.022	12.1	2432739	2433464	NZ_CP085987.1	2336	0.15289256198347106	0.18807339449541285	-1
CasR_1_CAS-I-II-III-IV-V-VI	NZ_CP085987.1_2375	242	218	0.031	11.6	2477756	2478481	NZ_CP085987.1	2375	0.15289256198347106	0.17889908256880735	-1
CasR_1_CAS-I-II-III-IV-V-VI	NZ_CP085987.1_2480	129	218	0.038	11.3	2600082	2600468	NZ_CP085987.1	2480	0.3875968992248062	0.22935779816513763	-1
CasR_1_CAS-I-II-III-IV-V-VI	NZ_CP085987.1_2502	252	218	0.0051	14.1	2616594	2617349	NZ_CP085987.1	2502	0.17063492063492064	0.19724770642201836	1
CasR_1_CAS-I-II-III-IV-V-VI	NZ_CP085987.1_2618	118	218	0.00012	19.4	2732815	2733168	NZ_CP085987.1	2618	0.5	0.27522935779816515	-1
CasR_1_CAS-I-II-III-IV-V-VI	NZ_CP085987.1_2775	275	218	0.0077	13.5	2912292	2913116	NZ_CP085987.1	2775	0.22545454545454546	0.2798165137614679	1
CasR_1_CAS-I-II-III-IV-V-VI	NZ_CP085987.1_2925	268	218	1.7e-06	25.4	3083655	3084458	NZ_CP085987.1	2925	0.16044776119402984	0.19724770642201836	-1
CasR_1_CAS-I-II-III-IV-V-VI	NZ_CP085987.1_3055	153	218	0.00038	17.8	3234780	3235238	NZ_CP085987.1	3055	0.45098039215686275	0.3348623853211009	1
CasR_1_CAS-I-II-III-IV-V-VI	NZ_CP085987.1_3144	197	218	0.00043	17.6	3328793	3329383	NZ_CP085987.1	3144	0.2182741116751269	0.20642201834862386	1
CasR_1_CAS-I-II-III-IV-V-VI	NZ_CP085987.1_3353	201	218	0.0013	16.1	3559022	3559624	NZ_CP085987.1	3353	0.3333333333333333	0.3211009174311927	1
CasR_1_CAS-I-II-III-IV-V-VI	NZ_CP085987.1_3411	405	218	0.0003	18.1	3621511	3622725	NZ_CP085987.1	3411	0.19753086419753085	0.37155963302752293	-1
CasR_1_CAS-I-II-III-IV-V-VI	NZ_CP085987.1_3435	253	218	0.0015	15.8	3651889	3652647	NZ_CP085987.1	3435	0.35177865612648224	0.40825688073394495	1
CasR_1_CAS-I-II-III-IV-V-VI	NZ_CP085987.1_3443	902	218	0.028	11.7	3659490	3662195	NZ_CP085987.1	3443	0.04988913525498891	0.21559633027522937	-1
CasR_1_CAS-I-II-III-IV-V-VI	NZ_CP085987.1_352	219	218	0.0004	17.7	351824	352480	NZ_CP085987.1	352	0.2191780821917808	0.22935779816513763	1
CasR_1_CAS-I-II-III-IV-V-VI	NZ_CP085987.1_3692	258	218	0.00042	17.6	3906852	3907625	NZ_CP085987.1	3692	0.1744186046511628	0.20642201834862386	-1
CasR_1_CAS-I-II-III-IV-V-VI	NZ_CP085987.1_3702	278	218	2.5e-07	28.2	3916823	3917656	NZ_CP085987.1	3702	0.17985611510791366	0.22935779816513763	1
CasR_1_CAS-I-II-III-IV-V-VI	NZ_CP085987.1_3815	111	218	0.0021	15.4	4028675	4029007	NZ_CP085987.1	3815	0.6576576576576577	0.3440366972477064	1
CasR_1_CAS-I-II-III-IV-V-VI	NZ_CP085987.1_3837	208	218	0.038	11.3	4045174	4045797	NZ_CP085987.1	3837	0.2644230769230769	0.1926605504587156	1
CasR_1_CAS-I-II-III-IV-V-VI	NZ_CP085987.1_3838	208	218	0.0027	15.0	4045775	4046398	NZ_CP085987.1	3838	0.25	0.24311926605504589	-1
CasR_1_CAS-I-II-III-IV-V-VI	NZ_CP085987.1_3877	100	218	1.6e-07	28.9	4086058	4086357	NZ_CP085987.1	3877	0.54	0.24770642201834864	1
CasR_1_CAS-I-II-III-IV-V-VI	NZ_CP085987.1_3914	258	218	3.5e-05	21.2	4121654	4122427	NZ_CP085987.1	3914	0.17829457364341086	0.21100917431192662	1
CasR_1_CAS-I-II-III-IV-V-VI	NZ_CP085987.1_3995	255	218	0.00012	19.5	4201844	4202608	NZ_CP085987.1	3995	0.18823529411764706	0.22018348623853212	1
CasR_1_CAS-I-II-III-IV-V-VI	NZ_CP085987.1_4	216	218	2.6e-05	21.6	3287	3934	NZ_CP085987.1	4	0.3425925925925926	0.3486238532110092	-1
CasR_1_CAS-I-II-III-IV-V-VI	NZ_CP085987.1_4058	237	218	0.00093	16.5	4271892	4272602	NZ_CP085987.1	4058	0.21940928270042195	0.23853211009174313	1
CasR_1_CAS-I-II-III-IV-V-VI	NZ_CP085987.1_455	264	218	1.6e-05	22.3	452273	453064	NZ_CP085987.1	455	0.19696969696969696	0.24311926605504589	1
CasR_1_CAS-I-II-III-IV-V-VI	NZ_CP085987.1_4760	217	218	0.0066	13.8	5032609	5033259	NZ_CP085987.1	4760	0.16129032258064516	0.16972477064220184	-1
CasR_1_CAS-I-II-III-IV-V-VI	NZ_CP085987.1_588	241	218	1.3e-06	25.9	591080	591802	NZ_CP085987.1	588	0.24896265560165975	0.1743119266055046	-1
CasR_1_CAS-I-II-III-IV-V-VI	NZ_CP085987.1_70	303	218	0.015	12.6	72840	73748	NZ_CP085987.1	70	0.22112211221122113	0.30275229357798167	-1
CasR_1_CAS-I-II-III-IV-V-VI	NZ_CP085987.1_747	163	218	1.8e-06	25.4	766063	766551	NZ_CP085987.1	747	0.3128834355828221	0.23394495412844038	-1
CasR_1_CAS-I-II-III-IV-V-VI	NZ_CP085987.1_849	145	218	0.00016	19.0	870423	870857	NZ_CP085987.1	849	0.5862068965517241	0.3944954128440367	-1
Cmr1gr7_6_CAS-III-B-III-C	NZ_CP085987.1_575	347	81	0.037	12.6	576619	577659	NZ_CP085987.1	575	0.2910662824207493	0.654320987654321	1
Cmr4_0_IIIB	NZ_CP085987.1_3062	157	283	0.046	11.6	3240931	3241401	NZ_CP085987.1	3062	0.5923566878980892	0.3250883392226148	1
Cmr4gr7_0_CAS-III-B-III-C	NZ_CP085987.1_3062	157	282	0.45	8.2	3240931	3241401	NZ_CP085987.1	3062	0.5987261146496815	0.33687943262411346	1
Cmr5_1_IIIC	NZ_CP085987.1_1912	111	178	0.58	8.1	1974383	1974715	NZ_CP085987.1	1912	0.8198198198198198	0.34831460674157305	-1
Cmr5gr11_10_CAS-III-B	NZ_CP085987.1_3098	299	146	0.018	13.2	3281101	3281997	NZ_CP085987.1	3098	0.1806020066889632	0.363013698630137	-1
Cmr5gr11_1_CAS-III-C	NZ_CP085987.1_918	79	180	0.011	13.7	931905	932141	NZ_CP085987.1	918	0.620253164556962	0.2722222222222222	1
Cmr5gr11_6_CAS-III-B	NZ_CP085987.1_2366	424	145	0.016	13.2	2467626	2468897	NZ_CP085987.1	2366	0.10613207547169812	0.3103448275862069	1
CorA_0_CAS-III-B	NZ_CP085987.1_1341	300	528	0.013	12.3	1367776	1368675	NZ_CP085987.1	1341	0.22333333333333333	0.12121212121212122	1
CorA_0_CAS-III-B-III-D	NZ_CP085987.1_2992	317	551	0.0022	14.9	3160896	3161846	NZ_CP085987.1	2992	0.1829652996845426	0.11796733212341198	-1
CorA_0_CAS-III-B-III-D	NZ_CP085987.1_635	328	551	0.016	12.1	639612	640595	NZ_CP085987.1	635	0.17682926829268292	0.11070780399274047	1
Csa3_0_CAS-I-II-III-IV-V-VI	NZ_CP085987.1_4280	174	164	0.056	11.3	4508442	4508963	NZ_CP085987.1	4280	0.47126436781609193	0.3719512195121951	-1
Csa3_1_CAS-I-II-III-IV-V-VI	NZ_CP085987.1_1280	154	118	0.01	14.4	1289893	1290354	NZ_CP085987.1	1280	0.17532467532467533	0.2542372881355932	1
Csa3_1_CAS-I-II-III-IV-V-VI	NZ_CP085987.1_1954	133	118	0.0053	15.2	2005395	2005793	NZ_CP085987.1	1954	0.48872180451127817	0.5423728813559322	-1
Csa3_1_CAS-I-II-III-IV-V-VI	NZ_CP085987.1_2125	256	118	0.0092	14.5	2187996	2188763	NZ_CP085987.1	2125	0.1640625	0.4067796610169492	-1
Csa3_1_CAS-I-II-III-IV-V-VI	NZ_CP085987.1_2618	118	118	6.6e-17	60.1	2732815	2733168	NZ_CP085987.1	2618	0.5847457627118644	0.635593220338983	-1
Csa3_1_CAS-I-II-III-IV-V-VI	NZ_CP085987.1_2925	268	118	0.0068	14.9	3083655	3084458	NZ_CP085987.1	2925	0.16791044776119404	0.423728813559322	-1
Csa3_1_CAS-I-II-III-IV-V-VI	NZ_CP085987.1_3198	301	118	0.016	13.7	3390601	3391503	NZ_CP085987.1	3198	0.25249169435215946	0.3898305084745763	1
Csa3_1_CAS-I-II-III-IV-V-VI	NZ_CP085987.1_3838	208	118	3.6e-09	35.1	4045775	4046398	NZ_CP085987.1	3838	0.34134615384615385	0.6694915254237288	-1
Csa3_1_CAS-I-II-III-IV-V-VI	NZ_CP085987.1_3877	100	118	1.5e-17	62.2	4086058	4086357	NZ_CP085987.1	3877	0.86	0.7966101694915254	1
Csa3_1_CAS-I-II-III-IV-V-VI	NZ_CP085987.1_3995	255	118	0.0023	16.4	4201844	4202608	NZ_CP085987.1	3995	0.22745098039215686	0.4491525423728814	1
Csa3_1_CAS-I-II-III-IV-V-VI	NZ_CP085987.1_4749	293	118	0.0026	16.2	5015839	5016717	NZ_CP085987.1	4749	0.1945392491467577	0.5084745762711864	-1
Csa3_1_CAS-I-II-III-IV-V-VI	NZ_CP085987.1_747	163	118	0.0045	15.5	766063	766551	NZ_CP085987.1	747	0.49693251533742333	0.559322033898305	-1
Csa3_1_CAS-I-II-III-IV-V-VI	NZ_CP085987.1_849	145	118	0.00017	20.1	870423	870857	NZ_CP085987.1	849	0.5241379310344828	0.576271186440678	-1
Csa5gr11_7_CAS-I-A	NZ_CP085987.1_4033	267	125	0.072	11.5	4240507	4241307	NZ_CP085987.1	4033	0.42696629213483145	0.704	-1
Csa5gr11_9_CAS-I-A	NZ_CP085987.1_2558	192	115	0.005	14.7	2672949	2673524	NZ_CP085987.1	2558	0.21875	0.4260869565217391	1
Cse1_0_IE	NZ_CP085987.1_4021	486	504	2.3999999999999998e-173	575.7	4222858	4224315	NZ_CP085987.1	4021	0.9732510288065843	0.9365079365079365	-1
Cse2_0_IE	NZ_CP085987.1_4020	187	159	1.7999999999999998e-35	120.7	4222301	4222861	NZ_CP085987.1	4020	0.8823529411764706	1.0	-1
Cse2_0_IE	NZ_CP085987.1_4632	669	159	0.0015	16.9	4892038	4894044	NZ_CP085987.1	4632	0.3273542600896861	0.8867924528301887	1
Cse2gr11_0_CAS-I-E	NZ_CP085987.1_4020	187	160	1.2e-29	101.8	4222301	4222861	NZ_CP085987.1	4020	0.8877005347593583	1.0	-1
Cse2gr11_1_CAS-I-E	NZ_CP085987.1_4020	187	143	6.4e-36	121.8	4222301	4222861	NZ_CP085987.1	4020	0.8181818181818182	1.0	-1
Cse2gr11_2_CAS-I-E	NZ_CP085987.1_2488	212	227	0.023	12.6	2606583	2607218	NZ_CP085987.1	2488	0.3490566037735849	0.31718061674008813	1
Cse2gr11_5_CAS-I-E	NZ_CP085987.1_4020	187	199	7.6e-05	20.5	4222301	4222861	NZ_CP085987.1	4020	0.9144385026737968	0.914572864321608	-1
Cse2gr11_6_CAS-I-E	NZ_CP085987.1_4020	187	183	0.00077	17.2	4222301	4222861	NZ_CP085987.1	4020	0.8342245989304813	0.7814207650273224	-1
Cse2gr11_7_CAS-I-E	NZ_CP085987.1_4020	187	144	1.4e-32	111.2	4222301	4222861	NZ_CP085987.1	4020	0.8609625668449198	0.9930555555555556	-1
Csf1_2_IVA3	NZ_CP085987.1_3743	189	267	0.031	11.7	3963005	3963571	NZ_CP085987.1	3743	0.455026455026455	0.32209737827715357	-1
Csf2_0_IV	NZ_CP085987.1_3009	390	329	0.42	8.2	3175731	3176900	NZ_CP085987.1	3009	0.21025641025641026	0.182370820668693	1
Csf2_0_IV	NZ_CP085987.1_3385	124	329	0.01	13.5	3597500	3597871	NZ_CP085987.1	3385	0.3709677419354839	0.1337386018237082	1
Csf4_0_IVA	NZ_CP085987.1_1423	715	666	4.8e-37	126.0	1451409	1453553	NZ_CP085987.1	1423	0.9034965034965035	0.8948948948948949	-1
Csf4_0_IVA	NZ_CP085987.1_1424	455	666	1.1e-05	22.3	1453761	1455125	NZ_CP085987.1	1424	0.3648351648351648	0.23873873873873874	-1
Csf4_0_IVA	NZ_CP085987.1_3026	422	666	0.00029	17.6	3195329	3196594	NZ_CP085987.1	3026	0.1848341232227488	0.10510510510510511	1
Csf4_0_IVA	NZ_CP085987.1_4386	445	666	1e-07	29.0	4617359	4618693	NZ_CP085987.1	4386	0.1842696629213483	0.11561561561561562	-1
Csf4_0_IVA	NZ_CP085987.1_474	637	666	4.4e-57	192.2	470310	472220	NZ_CP085987.1	474	0.9183673469387755	0.9024024024024024	1
Csf4_1_IVA1	NZ_CP085987.1_1423	715	802	3e-14	50.3	1451409	1453553	NZ_CP085987.1	1423	0.35664335664335667	0.3316708229426434	-1
Csf4_1_IVA1	NZ_CP085987.1_2357	1170	802	0.028	10.7	2455313	2458822	NZ_CP085987.1	2357	0.11367521367521367	0.16458852867830423	1
Csf4_1_IVA1	NZ_CP085987.1_2853	733	802	0.0059	12.9	3014654	3016852	NZ_CP085987.1	2853	0.1296043656207367	0.11970074812967581	1
Csf4_1_IVA1	NZ_CP085987.1_474	637	802	4.9e-21	72.7	470310	472220	NZ_CP085987.1	474	0.5274725274725275	0.4314214463840399	1
Csf4_2_IVA1	NZ_CP085987.1_474	637	526	5.9e-15	53.0	470310	472220	NZ_CP085987.1	474	0.4003139717425432	0.467680608365019	1
Csf4_3_IVE	NZ_CP085987.1_1423	715	648	0.00016	18.6	1451409	1453553	NZ_CP085987.1	1423	0.3062937062937063	0.31790123456790126	-1
Csf4_3_IVE	NZ_CP085987.1_474	637	648	8.6e-12	42.6	470310	472220	NZ_CP085987.1	474	0.6059654631083202	0.5648148148148148	1
Csm3gr7_7_CAS-III-A-III-D	NZ_CP085987.1_922	407	147	0.0099	13.9	934115	935335	NZ_CP085987.1	922	0.09336609336609336	0.2585034013605442	-1
Csn2_12_CAS-II-A	NZ_CP085987.1_2341	154	257	0.003	15.2	2436847	2437308	NZ_CP085987.1	2341	0.551948051948052	0.30739299610894943	1
Csn2_7_CAS-II-A	NZ_CP085987.1_3094	467	372	2.2	5.3	3274913	3276313	NZ_CP085987.1	3094	0.284796573875803	0.29301075268817206	1
Csn2_7_CAS-II-A	NZ_CP085987.1_31	530	372	0.056	10.5	28885	30474	NZ_CP085987.1	31	0.20566037735849058	0.15053763440860216	-1
Csn2_7_CAS-II-A	NZ_CP085987.1_3397	256	372	0.0069	13.5	3608959	3609726	NZ_CP085987.1	3397	0.2578125	0.1774193548387097	1
Csn2_7_CAS-II-A	NZ_CP085987.1_349	251	372	0.014	12.5	349363	350115	NZ_CP085987.1	349	0.24701195219123506	0.16666666666666666	1
Csn2_7_CAS-II-A	NZ_CP085987.1_596	269	372	0.0082	13.3	601777	602583	NZ_CP085987.1	596	0.3271375464684015	0.23387096774193547	-1
Csn2_7_CAS-II-A	NZ_CP085987.1_61	507	372	0.00069	16.8	64146	65666	NZ_CP085987.1	61	0.2603550295857988	0.23387096774193547	1
Csn2_7_CAS-II-A	NZ_CP085987.1_924	249	372	0.0021	15.2	936578	937324	NZ_CP085987.1	924	0.30522088353413657	0.20430107526881722	-1
Csx17_0_IU	NZ_CP085987.1_3032	114	718	0.033	10.9	3203698	3204039	NZ_CP085987.1	3032	0.7719298245614035	0.12534818941504178	-1
Csx19_20_CAS-III-D	NZ_CP085986.1_55	673	147	0.03	12.1	53269	55287	NZ_CP085986.1	55	0.0549777117384844	0.25170068027210885	1
Csx27_0_CAS-VI-B	NZ_CP085987.1_557	180	238	2.8	6.0	560106	560645	NZ_CP085987.1	557	0.6	0.3697478991596639	-1
Csx28_0_CAS-VI-B	NZ_CP085987.1_2748	105	186	0.028	12.2	2883821	2884135	NZ_CP085987.1	2748	0.45714285714285713	0.26344086021505375	1
Csx3_2_CAS-I-III	NZ_CP085987.1_128	214	277	0.0045	14.2	142431	143072	NZ_CP085987.1	128	0.17757009345794392	0.1371841155234657	1
Csx3_2_CAS-I-III	NZ_CP085987.1_1574	242	277	0.012	12.9	1614709	1615434	NZ_CP085987.1	1574	0.09504132231404959	0.08303249097472924	1
Csx3_2_CAS-I-III	NZ_CP085987.1_1786	424	277	0.033	11.4	1837356	1838627	NZ_CP085987.1	1786	0.11084905660377359	0.17689530685920576	-1
Csx3_2_CAS-I-III	NZ_CP085987.1_3091	455	277	0.004	14.4	3270360	3271724	NZ_CP085987.1	3091	0.06373626373626373	0.09025270758122744	-1
Csx3_2_CAS-I-III	NZ_CP085987.1_4454	302	277	0.029	11.6	4677710	4678615	NZ_CP085987.1	4454	0.076158940397351	0.08303249097472924	1
Csx3_2_CAS-I-III	NZ_CP085987.1_4516	491	277	6.1e-05	20.4	4749612	4751084	NZ_CP085987.1	4516	0.08757637474541752	0.08303249097472924	1
CysH_0_IVB	NZ_CP085987.1_1056	369	249	0.046	11.5	1068826	1069932	NZ_CP085987.1	1056	0.13279132791327913	0.19678714859437751	1
CysH_0_IVB	NZ_CP085987.1_1631	412	249	7.7e-19	66.5	1674167	1675402	NZ_CP085987.1	1631	0.6359223300970874	0.8674698795180723	1
CysH_0_IVB	NZ_CP085987.1_1780	232	249	0.035	11.9	1830346	1831041	NZ_CP085987.1	1780	0.15948275862068967	0.14859437751004015	1
CysH_0_IVB	NZ_CP085987.1_2052	431	249	0.041	11.7	2102206	2103498	NZ_CP085987.1	2052	0.10208816705336426	0.1566265060240964	-1
CysH_0_IVB	NZ_CP085987.1_4011	303	249	2.3e-18	64.9	4214411	4215319	NZ_CP085987.1	4011	0.5643564356435643	0.6706827309236948	-1
CysH_0_IVB	NZ_CP085987.1_4025	245	249	1.2e-18	65.8	4228574	4229308	NZ_CP085987.1	4025	0.7673469387755102	0.7429718875502008	-1
CysH_0_IVB	NZ_CP085987.1_637	312	249	4.8e-06	24.6	642499	643434	NZ_CP085987.1	637	0.28846153846153844	0.3413654618473896	-1
DEDDh_0_CAS-I-II-III-IV-V-VI	NZ_CP085987.1_183	477	160	8e-18	63.2	204940	206370	NZ_CP085987.1	183	0.48218029350104824	0.98125	-1
DEDDh_0_CAS-I-II-III-IV-V-VI	NZ_CP085987.1_2029	247	160	3e-38	129.6	2078147	2078887	NZ_CP085987.1	2029	0.6761133603238867	0.99375	-1
DEDDh_0_CAS-I-II-III-IV-V-VI	NZ_CP085987.1_2191	784	160	0.00061	18.1	2266735	2269086	NZ_CP085987.1	2191	0.09311224489795919	0.35	1
DEDDh_0_CAS-I-II-III-IV-V-VI	NZ_CP085987.1_247	190	160	1.4e-06	26.7	269830	270399	NZ_CP085987.1	247	0.8894736842105263	0.98125	-1
DEDDh_0_CAS-I-II-III-IV-V-VI	NZ_CP085987.1_2531	182	160	2.1e-11	42.3	2644952	2645497	NZ_CP085987.1	2531	0.8626373626373627	0.95625	-1
DEDDh_0_CAS-I-II-III-IV-V-VI	NZ_CP085987.1_416	233	160	9.500000000000001e-30	102.0	418957	419655	NZ_CP085987.1	416	0.6180257510729614	0.9875	-1
DEDDh_0_CAS-I-II-III-IV-V-VI	NZ_CP085987.1_859	216	160	3.1e-21	74.3	878394	879041	NZ_CP085987.1	859	0.8101851851851852	0.99375	1
HTH_0_CAS-I-D	NZ_CP085987.1_2814	321	65	0.039	12.0	2961562	2962524	NZ_CP085987.1	2814	0.09345794392523364	0.4461538461538462	-1
Mem_DnaJ_0_CAS-III-AM	NZ_CP085987.1_2194	271	284	5.8e-05	20.7	2272932	2273744	NZ_CP085987.1	2194	0.46494464944649444	0.40492957746478875	-1
Mem_DnaJ_0_CAS-III-AM	NZ_CP085987.1_2274	380	284	0.022	12.2	2367415	2368554	NZ_CP085987.1	2274	0.13157894736842105	0.1936619718309859	-1
PD_DExK_0_CAS-I-II-III-IV-V-VI	NZ_CP085987.1_2416	407	159	0.061	11.4	2529036	2530256	NZ_CP085987.1	2416	0.10565110565110565	0.27044025157232704	1
PD_DExK_0_CAS-I-II-III-IV-V-VI	NZ_CP085987.1_3623	368	159	5.000000000000001e-72	239.1	3837372	3838475	NZ_CP085987.1	3623	0.4320652173913043	1.0	-1
PD_DExK_2_CAS-I-II-III-IV-V-VI	NZ_CP085987.1_4563	230	127	0.037	11.7	4823786	4824475	NZ_CP085987.1	4563	0.20869565217391303	0.3779527559055118	1
RT_0_CAS-I-II-III-IV-V-VI	NZ_CP085987.1_3087	312	213	1.4e-21	75.2	3266662	3267597	NZ_CP085987.1	3087	0.6602564102564102	1.0	-1
RT_0_CAS-I-II-III-IV-V-VI	NZ_CP085987.1_3779	255	213	6.2e-15	53.5	3991104	3991868	NZ_CP085987.1	3779	0.5568627450980392	0.6619718309859155	1
RT_0_CAS-III-AM-III-B	NZ_CP085987.1_3087	312	298	8.9e-15	52.5	3266662	3267597	NZ_CP085987.1	3087	0.7243589743589743	0.7651006711409396	-1
RT_0_CAS-III-AM-III-B	NZ_CP085987.1_3779	255	298	2.7e-07	27.9	3991104	3991868	NZ_CP085987.1	3779	0.5215686274509804	0.4395973154362416	1
RecD_0_IVD	NZ_CP085987.1_1163	263	763	0.034	10.3	1176170	1176958	NZ_CP085987.1	1163	0.2585551330798479	0.09043250327653997	-1
RecD_0_IVD	NZ_CP085987.1_1211	685	763	9.4e-05	18.8	1222852	1224906	NZ_CP085987.1	1211	0.17956204379562044	0.1218872870249017	-1
RecD_0_IVD	NZ_CP085987.1_1567	349	763	7.8e-05	19.0	1607762	1608808	NZ_CP085987.1	1567	0.18051575931232092	0.0799475753604194	1
RecD_0_IVD	NZ_CP085987.1_2396	1172	763	0.0028	13.9	2504103	2507618	NZ_CP085987.1	2396	0.11604095563139932	0.1690694626474443	-1
RecD_0_IVD	NZ_CP085987.1_2561	494	763	0.041	10.0	2676570	2678051	NZ_CP085987.1	2561	0.14979757085020243	0.08256880733944955	-1
RecD_0_IVD	NZ_CP085987.1_2993	721	763	0.00016	18.0	3162318	3164480	NZ_CP085987.1	2993	0.21220527045769763	0.19528178243774574	-1
RecD_0_IVD	NZ_CP085987.1_3028	675	763	2.2e-07	27.5	3198234	3200258	NZ_CP085987.1	3028	0.41185185185185186	0.32634338138925295	-1
RecD_0_IVD	NZ_CP085987.1_4071	612	763	1.4e-34	117.4	4284172	4286007	NZ_CP085987.1	4071	0.5179738562091504	0.39580602883355176	-1
RecD_0_IVD	NZ_CP085987.1_649	1301	763	0.00021	17.6	655507	659409	NZ_CP085987.1	649	0.034588777863182166	0.05897771952817824	1
SSgr11_1_CAS-III-F	NZ_CP085987.1_4581	290	97	0.029	12.4	4840629	4841498	NZ_CP085987.1	4581	0.1310344827586207	0.3917525773195876	-1
TPR_0_CAS-III-A	NZ_CP085987.1_306	71	435	0.055	10.6	311279	311491	NZ_CP085987.1	306	0.7746478873239436	0.12183908045977011	1
TPR_0_CAS-III-A	NZ_CP085987.1_3309	71	435	0.00031	18.0	3502441	3502653	NZ_CP085987.1	3309	0.7746478873239436	0.12183908045977011	-1
TPR_0_CAS-III-A	NZ_CP085987.1_459	70	435	0.042	10.9	454979	455188	NZ_CP085987.1	459	0.7857142857142857	0.12183908045977011	1
TPR_0_CAS-III-B	NZ_CP085987.1_3343	1181	488	0.071	9.9	3541656	3545198	NZ_CP085987.1	3343	0.11769686706181202	0.25	1
TniQ_0_CAS-I-F	NZ_CP085987.1_3391	285	139	0.077	12.0	3602314	3603168	NZ_CP085987.1	3391	0.3263157894736842	0.3669064748201439	1
TniQ_1_I-F	NZ_CP085987.1_2676	112	400	0.0045	14.2	2789822	2790157	NZ_CP085987.1	2676	0.33035714285714285	0.0925	1
TnpB_0_Competitive	NZ_CP085987.1_4433	377	400	3.5e-106	353.6	4653124	4654254	NZ_CP085987.1	4433	0.9734748010610079	0.9375	-1
TnpB_1_Competitive	NZ_CP085987.1_4433	377	409	2.7e-84	281.4	4653124	4654254	NZ_CP085987.1	4433	0.9681697612732095	0.9070904645476773	-1
TnsB_0_V-K	NZ_CP085987.1_3814	235	621	0.012	12.0	4027901	4028605	NZ_CP085987.1	3814	0.33617021276595743	0.10789049919484701	-1
TnsB_0_V-K	NZ_CP085987.1_3817	235	621	0.012	12.0	4030648	4031352	NZ_CP085987.1	3817	0.33617021276595743	0.10789049919484701	1
TnsB_0_V-K	NZ_CP085987.1_3823	235	621	0.012	12.0	4035843	4036547	NZ_CP085987.1	3823	0.33617021276595743	0.10789049919484701	-1
TnsB_0_V-K	NZ_CP085987.1_3824	423	621	5.700000000000001e-34	115.4	4036594	4037862	NZ_CP085987.1	3824	0.7754137115839244	0.533011272141707	-1
TnsB_0_V-K	NZ_CP085987.1_3851	235	621	0.012	12.0	4055285	4055989	NZ_CP085987.1	3851	0.33617021276595743	0.10789049919484701	-1
TnsB_0_V-K	NZ_CP085987.1_4256	235	621	0.012	12.0	4482467	4483171	NZ_CP085987.1	4256	0.33617021276595743	0.10789049919484701	1
WYL_0_CAS-I-II-III-IV-V-VI	NZ_CP085987.1_1280	154	313	0.0082	13.8	1289893	1290354	NZ_CP085987.1	1280	0.2597402597402597	0.12779552715654952	1
WYL_0_CAS-I-II-III-IV-V-VI	NZ_CP085987.1_1377	253	313	1.1e-05	23.2	1403209	1403967	NZ_CP085987.1	1377	0.17391304347826086	0.14057507987220447	1
WYL_0_CAS-I-II-III-IV-V-VI	NZ_CP085987.1_1825	231	313	1.3e-79	266.1	1876321	1877013	NZ_CP085987.1	1825	0.9783549783549783	0.7252396166134185	-1
WYL_0_CAS-I-II-III-IV-V-VI	NZ_CP085987.1_2125	256	313	2.2e-07	28.8	2187996	2188763	NZ_CP085987.1	2125	0.3515625	0.28434504792332266	-1
WYL_0_CAS-I-II-III-IV-V-VI	NZ_CP085987.1_2349	922	313	0.00089	17.0	2444749	2447514	NZ_CP085987.1	2349	0.07483731019522777	0.22364217252396165	-1
WYL_0_CAS-I-II-III-IV-V-VI	NZ_CP085987.1_2435	638	313	1.3e-06	26.3	2548211	2550124	NZ_CP085987.1	2435	0.14420062695924765	0.18210862619808307	-1
WYL_0_CAS-I-II-III-IV-V-VI	NZ_CP085987.1_2502	252	313	0.0012	16.5	2616594	2617349	NZ_CP085987.1	2502	0.15873015873015872	0.12779552715654952	1
WYL_0_CAS-I-II-III-IV-V-VI	NZ_CP085987.1_2814	321	313	0.037	11.7	2961562	2962524	NZ_CP085987.1	2814	0.1557632398753894	0.16293929712460065	-1
WYL_0_CAS-I-II-III-IV-V-VI	NZ_CP085987.1_2925	268	313	7.4e-06	23.8	3083655	3084458	NZ_CP085987.1	2925	0.1417910447761194	0.1182108626198083	-1
WYL_0_CAS-I-II-III-IV-V-VI	NZ_CP085987.1_3140	262	313	0.01	13.5	3324316	3325101	NZ_CP085987.1	3140	0.1450381679389313	0.12140575079872204	-1
WYL_0_CAS-I-II-III-IV-V-VI	NZ_CP085987.1_3435	253	313	1.8e-06	25.8	3651889	3652647	NZ_CP085987.1	3435	0.1857707509881423	0.1501597444089457	1
WYL_0_CAS-I-II-III-IV-V-VI	NZ_CP085987.1_3702	278	313	1.8e-05	22.5	3916823	3917656	NZ_CP085987.1	3702	0.17266187050359713	0.15335463258785942	1
WYL_0_CAS-I-II-III-IV-V-VI	NZ_CP085987.1_3914	258	313	2.9e-05	21.9	4121654	4122427	NZ_CP085987.1	3914	0.21705426356589147	0.19169329073482427	1
WYL_0_CAS-I-II-III-IV-V-VI	NZ_CP085987.1_3995	255	313	1e-05	23.4	4201844	4202608	NZ_CP085987.1	3995	0.19215686274509805	0.15654952076677317	1
WYL_0_CAS-I-II-III-IV-V-VI	NZ_CP085987.1_4058	237	313	6.8e-10	37.1	4271892	4272602	NZ_CP085987.1	4058	0.26582278481012656	0.20766773162939298	1
WYL_0_CAS-I-II-III-IV-V-VI	NZ_CP085987.1_588	241	313	0.0091	13.7	591080	591802	NZ_CP085987.1	588	0.12863070539419086	0.09904153354632587	-1
WYL_0_CAS-I-II-III-IV-V-VI	NZ_CP085987.1_673	264	313	0.0056	14.4	683385	684176	NZ_CP085987.1	673	0.15151515151515152	0.12779552715654952	-1
WYL_0_CAS-I-II-III-IV-V-VI	NZ_CP085987.1_910	409	313	0.00017	19.4	924711	925937	NZ_CP085987.1	910	0.254278728606357	0.34824281150159747	1
WYL_3_CAS-I-II-III-IV-V-VI	NZ_CP085987.1_1447	766	172	0.0082	14.4	1472182	1474479	NZ_CP085987.1	1447	0.07963446475195822	0.3372093023255814	-1
WYL_3_CAS-I-II-III-IV-V-VI	NZ_CP085987.1_1825	231	172	9.4e-19	66.3	1876321	1877013	NZ_CP085987.1	1825	0.3852813852813853	0.5116279069767442	-1
WYL_3_CAS-I-II-III-IV-V-VI	NZ_CP085987.1_8	789	172	0.02	13.1	7385	9751	NZ_CP085987.1	8	0.1596958174904943	0.5872093023255814	1
htpX_0_CAS-III-B	NZ_CP085987.1_1303	254	343	0.034	11.4	1318613	1319374	NZ_CP085987.1	1303	0.2283464566929134	0.18075801749271136	-1
htpX_0_CAS-III-B	NZ_CP085987.1_4155	253	343	0.0021	15.4	4377838	4378596	NZ_CP085987.1	4155	0.22924901185770752	0.18075801749271136	1
htpX_0_CAS-III-B	NZ_CP085987.1_452	294	343	5.7e-28	96.1	449795	450676	NZ_CP085987.1	452	0.8367346938775511	0.7842565597667639	1
tm_4_0_CAS-VI-B	NZ_CP085987.1_4243	65	225	0.017	13.3	4467714	4467908	NZ_CP085987.1	4243	0.7384615384615385	0.2088888888888889	-1
